x,y,year,pentade,count,atlascode_id,species_id,KmSquares
2569757,1203451,2022,1,1,0,3450,2569-1203
2569857.55231118,1203193.27414936,2023,1,1,0,3450,2569-1203
2559483.18674416,1127893.35578912,2023,1,1,0,3450,2559-1127
2709686,1113727,2025,1,1,0,3450,2709-1113
2569692,1203060,2024,1,1,0,3450,2569-1203
2709461,1271049,2025,7,1,0,3450,2709-1271
2559330,1138314,2025,7,1,0,3450,2559-1138
2709437,1270815,2025,7,1,0,3450,2709-1270
2648500,1224500,2021,12,1,3,3450,2648-1224
2620500,1256500,2025,12,1,3,3450,2620-1256
2557735,1138378,2024,19,1,3,3450,2557-1138
2620500,1256500,2024,12,1,3,3450,2620-1256
2709451,1270884,2025,7,1,0,3450,2709-1270
2490570,1115375,2021,19,2,4,3450,2490-1115
2670750.06947643,1240749.55903759,2021,19,2,3,3450,2670-1240
2557736,1138074,2024,19,1,3,3450,2557-1138
2709500,1113500,2025,12,1,3,3450,2709-1113
2620167,1256710,2022,12,1,3,3450,2620-1256
2569500,1203500,2022,19,1,3,3450,2569-1203
2557101.39207629,1191909.47535809,2021,19,1,3,3450,2557-1191
2648684,1224908,2021,19,1,3,3450,2648-1224
2709724,1113600,2025,19,1,2,3450,2709-1113
2710447,1270936,2022,19,1,3,3450,2710-1270
2617071.6379958,1127900.53605998,2021,19,1,1,3450,2617-1127
2709628.1002368,1113293.57333526,2021,19,2,3,3450,2709-1113
2709628.1002368,1113293.57333526,2023,19,1,3,3450,2709-1113
2670750.06947643,1240749.55903759,2021,25,1,2,3450,2670-1240
2709685,1113964,2025,25,1,3,3450,2709-1113
2570391,1203822,2025,25,1,3,3450,2570-1203
2620500,1256500,2025,19,1,3,3450,2620-1256
2679389,1253723,2023,19,1,3,3450,2679-1253
2507134,1120560,2025,25,1,3,3450,2507-1120
2507189,1120513,2025,25,1,1,3450,2507-1120
2709883,1113887,2025,19,2,4,3450,2709-1113
2674077,1231954,2023,19,1,3,3450,2674-1231
2673000.07040606,1234049.53576146,2021,25,1,2,3450,2673-1234
2614518,1174136,2024,19,1,3,3450,2614-1174
2709804,1113757,2023,25,1,3,3450,2709-1113
2570500,1203500,2024,25,1,3,3450,2570-1203
2670854,1240845,2022,25,1,3,3450,2670-1240
2709599,1113344,2025,25,1,1,3450,2709-1113
2709714,1113926,2025,25,1,3,3450,2709-1113
2620226,1256964,2022,25,1,3,3450,2620-1256
2620373,1256715,2025,25,1,2,3450,2620-1256
2620237,1256976,2023,25,1,3,3450,2620-1256
2490654.58784414,1115221.16373579,2023,25,1,3,3450,2490-1115
2490855.60212784,1115718.15437215,2024,25,1,3,3450,2490-1115
2559296,1138311,2024,25,1,3,3450,2559-1138
2557500,1191500,2023,31,2,3,3450,2557-1191
2559784,1128033,2022,31,1,3,3450,2559-1128
2709693,1113612,2021,25,1,5,3450,2709-1113
2709667,1113798,2025,25,1,3,3450,2709-1113
2709763,1113657,2021,25,1,3,3450,2709-1113
2709763,1113657,2021,25,1,3,3450,2709-1113
2559620.18466926,1127739.35335862,2021,25,1,3,3450,2559-1127
2559919.19638464,1128231.34658072,2021,25,1,2,3450,2559-1128
2490555,1115475,2023,31,1,1,3450,2490-1115
2613206,1128733,2021,43,1,0,3450,2613-1128
2559965,1138260,2024,43,1,0,3450,2559-1138
2709500,1113500,2022,43,1,3,3450,2709-1113
2648602,1224704,2021,31,1,3,3450,2648-1224
2490340,1115516,2024,31,1,3,3450,2490-1115
2709675,1113433,2025,43,1,0,3450,2709-1113
2559964.39202934,1138353.33392528,2023,55,1,0,3450,2559-1138
2620500,1256500,2024,43,1,0,3450,2620-1256
2559887.38949178,1138241.33549638,2024,43,1,0,3450,2559-1138
2709628.1002368,1113293.57333526,2023,43,2,0,3450,2709-1113
2559349,1127877,2021,37,1,3,3450,2559-1127
2705943,1274121,2025,61,1,0,3450,2705-1274
2570171.55826185,1203620.27005927,2025,61,1,0,3450,2570-1203
2559996.39143369,1138313.33332478,2023,49,1,0,3450,2559-1138
2660750,1269691,2021,49,1,0,3450,2660-1269
2559483.18674416,1127893.35578912,2025,43,1,0,3450,2559-1127
2559500,1127500,2021,31,1,14,3450,2559-1127
2609312.57247774,1224063.78871366,2022,67,1,0,3450,2609-1224
2709500,1113500,2024,55,1,0,3450,2709-1113
2709670,1113211,2024,55,1,0,3450,2709-1113
2709601,1113329,2022,55,1,0,3450,2709-1113
2709682,1113898,2025,49,1,0,3450,2709-1113
2620292,1256940,2022,37,1,3,3450,2620-1256
2660500,1269500,2021,49,1,0,3450,2660-1269
2538500,1183500,2023,49,1,0,3450,2538-1183
2660500,1270500,2021,49,1,0,3450,2660-1270
2709635,1113371,2024,61,1,0,3450,2709-1113
2670350.07219683,1240899.55926051,2025,7,1,0,3450,2670-1240
2709696,1113675,2024,61,1,0,3450,2709-1113
2557491.38890435,1138847.38243464,2023,49,1,0,3450,2557-1138
2609312.57247774,1224063.78871366,2023,7,1,0,3450,2609-1224
2557491.38890435,1138847.38243464,2024,7,1,0,3450,2557-1138
2710461,1270951,2021,67,1,0,3450,2710-1270
2538478.25300482,1183335.84453464,2022,43,1,0,3450,2538-1183
2569631,1203187,2025,67,1,0,3450,2569-1203
2559094,1138428,2022,55,1,0,3450,2559-1138
2557491.38890435,1138847.38243464,2023,55,1,0,3450,2557-1138
2490294,1115599,2024,49,1,0,3450,2490-1115
2609312.57247774,1224063.78871366,2021,13,1,2,3450,2609-1224
2709628.1002368,1113293.57333526,2023,49,1,0,3450,2709-1113
2660500,1270500,2023,13,1,3,3450,2660-1270
2660500,1270500,2022,1,1,0,3450,2660-1270
2569853,1203286,2025,61,1,0,3450,2569-1203
2709628.1002368,1113293.57333526,2024,49,2,0,3450,2709-1113
2709628.1002368,1113293.57333526,2024,49,2,0,3450,2709-1113
2709692,1270877,2023,7,1,0,3450,2709-1270
2709628.1002368,1113293.57333526,2022,55,1,0,3450,2709-1113
2559949,1138161,2024,67,1,0,3450,2559-1138
2559990,1138151,2024,67,1,0,3450,2559-1138
2570171.55826185,1203620.27005927,2023,55,1,0,3450,2570-1203
2557491.38890435,1138847.38243465,2021,19,1,3,3450,2557-1138
2709201,1113617,2025,7,1,0,3450,2709-1113
2709968,1113890,2023,7,1,0,3450,2709-1113
2709628,1113428,2021,7,1,0,3450,2709-1113
2490166,1115400,2022,13,1,3,3450,2490-1115
2709750,1113845,2022,13,1,3,3450,2709-1113
2557228,1191640,2023,25,1,3,3450,2557-1191
2570121,1203059,2025,25,1,3,3450,2570-1203
2570152,1203027,2025,25,1,3,3450,2570-1203
2705727,1274258,2025,61,1,0,3450,2705-1274
2709779,1270945,2025,13,2,3,3450,2709-1270
2709421,1270756,2025,13,3,2,3450,2709-1270
2570500,1203500,2021,25,,1,3450,2570-1203
2670350.07219683,1240899.55926051,2025,25,1,1,3450,2670-1240
2570171.55826185,1203620.27005927,2023,61,1,0,3450,2570-1203
2559753,1128362,2021,25,1,3,3450,2559-1128
2709628.1002368,1113293.57333526,2021,19,1,3,3450,2709-1113
2709628.1002368,1113293.57333526,2022,19,1,2,3450,2709-1113
2614500,1174499,2024,25,1,2,3450,2614-1174
2559041,1138412,2021,1,1,0,3450,2559-1138
2709584,1113433,2022,19,1,3,3450,2709-1113
2709600,1113337,2021,19,2,3,3450,2709-1113
2559483.18674416,1127893.35578912,2021,1,1,0,3450,2559-1127
2570295,1203038,2024,19,1,1,3450,2570-1203
2559987,1138196,2021,31,1,2,3450,2559-1138
2660500,1270500,2022,1,1,0,3450,2660-1270
2709680,1270967,2021,19,1,3,3450,2709-1270
2557491.38890435,1138847.38243464,2023,7,1,0,3450,2557-1138
2674152,1231330,2024,1,1,0,3450,2674-1231
2657322,1219010,2024,19,1,2,3450,2657-1219
2657122,1219758,2024,19,1,3,3450,2657-1219
2657115,1219788,2025,19,1,3,3450,2657-1219
2559098.38997532,1138480.35081722,2021,13,1,3,3450,2559-1138
2559722,1128349,2021,1,1,0,3450,2559-1128
2648500,1224500,2021,13,1,3,3450,2648-1224
2490103,1115215,2024,37,1,2,3450,2490-1115
2490100,1115401,2022,13,1,3,3450,2490-1115
2672372,1236910,2021,13,1,3,3450,2672-1236
2679622,1252192,2025,13,1,3,3450,2679-1252
2557491.38890435,1138847.38243464,2023,13,1,3,3450,2557-1138
2570500,1203500,2021,13,,1,3450,2570-1203
2670500,1240500,2023,19,1,2,3450,2670-1240
2709800,1270890,2022,7,1,0,3450,2709-1270
2570071,1203010,2022,49,1,0,3450,2570-1203
2559483.18674416,1127893.35578912,2021,19,1,2,3450,2559-1127
2705500,1274500,2023,49,1,0,3450,2705-1274
2670500,1240500,2025,7,1,0,3450,2670-1240
2679299.93832725,1253899.6223803,2024,49,1,0,3450,2679-1253
2559620.18466926,1127739.35335862,2023,7,1,0,3450,2559-1127
2620448,1256948,2024,13,2,4,3450,2620-1256
2569644.55120499,1203073.27749822,2023,49,1,0,3450,2569-1203
2620421,1256988,2022,13,1,3,3450,2620-1256
2620373,1256915,2023,13,1,3,3450,2620-1256
2760571,1206333,2024,13,2,1,3450,2760-1206
2760554,1206458,2025,13,1,3,3450,2760-1206
2709421,1270756,2025,13,3,2,3450,2709-1270
2709628.1002368,1113293.57333526,2023,13,1,1,3450,2709-1113
2490855.60212784,1115718.15437216,2022,13,1,1,3450,2490-1115
2709500,1270500,2024,13,1,2,3450,2709-1270
2679694,1253839,2023,19,1,2,3450,2679-1253
2648500,1224500,2021,13,1,3,3450,2648-1224
2709804,1271233,2025,13,1,3,3450,2709-1271
2670500,1240500,2021,19,1,3,3450,2670-1240
2670500,1240500,2023,19,1,2,3450,2670-1240
2711500,1112500,2022,25,1,3,3450,2711-1112
2708954,1270819,2022,31,1,14,3450,2708-1270
2570439,1203824,2025,25,1,3,3450,2570-1203
2614552,1174135,2024,25,1,3,3450,2614-1174
2760822,1206458,2021,19,2,4,3450,2760-1206
2620358,1256950,2023,19,1,3,3450,2620-1256
2670750.06947643,1240749.55903759,2021,19,1,2,3450,2670-1240
2670350.07219683,1240899.55926052,2021,19,1,2,3450,2670-1240
2632402,1269308,2021,19,2,12,3450,2632-1269
2614395,1174667,2025,68,1,0,3450,2614-1174
2570500,1203500,2021,37,1,3,3450,2570-1203
2570500,1203500,2025,43,1,0,3450,2570-1203
2709621,1113388,2023,43,1,0,3450,2709-1113
2670679,1240843,2023,19,1,3,3450,2670-1240
2559620.18466926,1127739.35335862,2021,19,1,2,3450,2559-1127
2709628.1002368,1113293.57333526,2024,43,1,0,3450,2709-1113
2628840,1128583,2022,31,1,3,3450,2628-1128
2617071.6379958,1127900.53605998,2022,19,1,1,3450,2617-1127
2760700.1517479,1206399.80960859,2023,19,2,3,3450,2760-1206
2617071.6379958,1127900.53605997,2023,19,3,6,3450,2617-1127
2569875,1203162,2022,1,1,0,3450,2569-1203
2657280.17450376,1219738.48921485,2022,25,1,2,3450,2657-1219
2670600.07036743,1240849.55927953,2024,7,1,0,3450,2670-1240
2620244,1256968,2023,25,1,3,3450,2620-1256
2660500,1270500,2024,7,1,0,3450,2660-1270
2648500,1224500,2021,25,1,7,3450,2648-1224
2559483.18674416,1127893.35578912,2022,37,1,2,3450,2559-1127
2559483.18674416,1127893.35578912,2025,37,1,3,3450,2559-1127
2559466,1138250,2023,7,1,0,3450,2559-1138
2559098.38997532,1138480.35081721,2025,55,1,0,3450,2559-1138
2745583,1258583,2021,25,1,4,3450,2745-1258
2710500,1270500,2025,13,1,3,3450,2710-1270
2609312.57247774,1224063.78871366,2022,13,1,2,3450,2609-1224
2609312.57247774,1224063.78871366,2023,13,1,3,3450,2609-1224
2569857.55231118,1203193.27414935,2025,43,1,0,3450,2569-1203
2559389,1127888,2023,43,1,0,3450,2559-1127
2557593,1138459,2023,19,1,1,3450,2557-1138
2490010.5894489,1115257.18310191,2024,31,1,3,3450,2490-1115
2557491.38890435,1138847.38243465,2021,19,1,3,3450,2557-1138
2674500,1231500,2024,49,1,0,3450,2674-1231
2709628.1002368,1113293.57333526,2023,31,1,3,3450,2709-1113
2559980,1138255,2021,49,1,0,3450,2559-1138
2620405,1256929,2021,37,1,3,3450,2620-1256
2611628,1128032,2023,37,1,3,3450,2611-1128
2670896,1240540,2023,19,2,3,3450,2670-1240
2559832,1128389,2022,19,1,3,3450,2559-1128
2557574,1138614,2023,19,1,3,3450,2557-1138
2709500,1113500,2025,55,1,0,3450,2709-1113
2660500,1270500,2023,1,1,0,3450,2660-1270
2679299.93832725,1253899.6223803,2023,55,1,0,3450,2679-1253
2709500,1113500,2022,25,1,2,3450,2709-1113
2709919,1113877,2021,25,1,2,3450,2709-1113
2570001,1203061,2022,1,1,0,3450,2570-1203
2569500,1203500,2021,1,1,0,3450,2569-1203
2709500,1113500,2024,62,1,0,3450,2709-1113
2620335,1256971,2023,49,1,0,3450,2620-1256
2709644,1270962,2025,7,2,0,3450,2709-1270
2559749,1128158,2021,68,1,0,3450,2559-1128
2570136,1203101,2025,25,1,3,3450,2570-1203
2660500,1270500,2022,55,1,0,3450,2660-1270
2648556,1224697,2022,13,2,3,3450,2648-1224
2709262,1270615,2021,13,1,3,3450,2709-1270
2709624,1113436,2024,55,1,0,3450,2709-1113
2709605,1113348,2023,55,1,0,3450,2709-1113
2570500,1203500,2022,62,1,0,3450,2570-1203
2570500,1203500,2024,13,1,3,3450,2570-1203
2625889,1128514,2025,37,1,2,3450,2625-1128
2557495,1138775,2025,1,1,0,3450,2557-1138
2687504,1259283,2023,13,1,2,3450,2687-1259
2569644.55120499,1203073.27749823,2022,62,1,0,3450,2569-1203
2670793,1240737,2024,7,1,0,3450,2670-1240
2557500,1138500,2023,19,1,3,3450,2557-1138
2559887.38949178,1138241.33549638,2024,68,1,0,3450,2559-1138
2570171.55826185,1203620.27005927,2022,43,1,0,3450,2570-1203
2670500,1240500,2025,50,1,0,3450,2670-1240
2657276,1219719,2024,19,1,2,3450,2657-1219
2709500,1113500,2025,13,1,1,3450,2709-1113
2570500,1203500,2021,19,,1,3450,2570-1203
2709796,1113684,2022,19,1,2,3450,2709-1113
2679299.93832725,1253899.6223803,2024,13,1,2,3450,2679-1253
2709641,1113342,2022,19,1,1,3450,2709-1113
2557598,1138463,2023,13,1,2,3450,2557-1138
2574443,1162289,2024,13,1,3,3450,2574-1162
2709568,1113254,2022,50,1,0,3450,2709-1113
2709602,1113344,2021,13,1,3,3450,2709-1113
2670500,1240500,2022,13,2,2,3450,2670-1240
2711071,1112638,2022,25,1,3,3450,2711-1112
2507500,1120500,2021,25,1,1,3450,2507-1120
2557491.38890435,1138847.38243464,2023,13,1,2,3450,2557-1138
2559333,1138274,2023,13,1,2,3450,2559-1138
2670680,1240981,2021,19,2,3,3450,2670-1240
2670350.07219683,1240899.55926051,2023,7,1,0,3450,2670-1240
2705500,1280500,2024,7,2,0,3450,2705-1280
2557569,1138434,2022,19,1,1,3450,2557-1138
2708973,1270790,2024,7,1,3,3450,2708-1270
2709447,1270972,2024,7,1,3,3450,2709-1270
2569038,1203390,2025,25,1,3,3450,2569-1203
2610045.62313111,1229799.79847376,2021,7,1,0,3450,2610-1229
2559620.18466926,1127739.35335862,2023,7,2,0,3450,2559-1127
2670750.06947644,1240749.55903759,2024,13,1,2,3450,2670-1240
2570380,1203008,2025,25,1,1,3450,2570-1203
2660500,1270500,2025,13,1,3,3450,2660-1270
2559500,1127500,2024,13,1,3,3450,2559-1127
2655912,1257971,2021,25,1,3,3450,2655-1257
2660500,1270500,2025,13,1,3,3450,2660-1270
2660500,1270500,2022,13,1,3,3450,2660-1270
2679943,1251881,2023,31,2,19,3450,2679-1251
2670500,1240500,2023,19,2,3,3450,2670-1240
2710498.55781398,1270998.8641549,2021,19,2,2,3450,2710-1270
2490654.58784414,1115221.16373579,2021,19,1,1,3450,2490-1115
2490654.58784414,1115221.16373579,2021,19,1,1,3450,2490-1115
2760785,1206296,2023,13,1,2,3450,2760-1206
2559500,1128500,2021,31,2,16,3450,2559-1128
2557491.38890435,1138847.38243464,2023,19,1,3,3450,2557-1138
2570500,1203500,2021,19,1,2,3450,2570-1203
2709621,1113167,2025,31,1,3,3450,2709-1113
2557500,1138500,2023,19,1,3,3450,2557-1138
2625521,1128564,2023,1,1,0,3450,2625-1128
2620388,1256928,2022,19,1,3,3450,2620-1256
2620245,1256965,2024,19,1,3,3450,2620-1256
2620417,1256947,2023,19,1,3,3450,2620-1256
2620371,1256949,2025,19,1,3,3450,2620-1256
2617969,1128352,2021,31,1,2,3450,2617-1128
2559620.18466926,1127739.35335862,2023,1,1,0,3450,2559-1127
2557817,1138239,2022,19,1,2,3450,2557-1138
2507500,1120500,2021,25,1,2,3450,2507-1120
2507354,1120469,2025,19,1,3,3450,2507-1120
2709574,1113582,2023,43,1,0,3450,2709-1113
2709578,1113312,2024,43,1,0,3450,2709-1113
2613174,1128709,2021,43,1,0,3450,2613-1128
2613199,1128703,2021,43,1,0,3450,2613-1128
2620500,1256500,2022,25,1,3,3450,2620-1256
2709516,1113226,2022,50,1,0,3450,2709-1113
2709607,1113331,2022,50,1,0,3450,2709-1113
2709610,1113287,2022,50,1,0,3450,2709-1113
2709628.1002368,1113293.57333526,2025,50,1,0,3450,2709-1113
2760700.1517479,1206399.80960859,2021,19,2,4,3450,2760-1206
2574519,1162323,2022,50,1,0,3450,2574-1162
2709605,1113344,2024,50,1,0,3450,2709-1113
2620433,1256931,2021,25,1,3,3450,2620-1256
2620215,1256643,2021,25,1,3,3450,2620-1256
2620278,1256683,2022,25,1,3,3450,2620-1256
2660500,1270500,2022,37,1,3,3450,2660-1270
2657808,1219364,2023,56,1,0,3450,2657-1219
2660500,1270500,2022,37,1,2,3450,2660-1270
2709480,1270949,2022,25,1,7,3450,2709-1270
2570068,1203009,2025,19,1,3,3450,2570-1203
2570071,1203012,2025,19,1,3,3450,2570-1203
2711119,1112496,2022,25,1,3,3450,2711-1112
2569776,1203159,2025,19,1,3,3450,2569-1203
2670500,1240500,2021,25,1,3,3450,2670-1240
2490056,1115144,2021,56,1,0,3450,2490-1115
2557491.38890435,1138847.38243465,2021,19,1,3,3450,2557-1138
2557500,1191500,2023,37,2,3,3450,2557-1191
2540869.22048315,1181909.78682461,2021,56,1,0,3450,2540-1181
2670350.07219683,1240899.55926052,2021,19,1,3,3450,2670-1240
2670350.07219683,1240899.55926051,2023,19,2,3,3450,2670-1240
2670350.07219683,1240899.55926052,2021,19,1,3,3450,2670-1240
2670500,1240500,2021,25,1,3,3450,2670-1240
2709500,1113500,2023,62,2,0,3450,2709-1113
2557620,1138396,2023,19,1,3,3450,2557-1138
2620500,1256500,2024,43,1,0,3450,2620-1256
2670500,1240500,2022,19,1,3,3450,2670-1240
2557500,1138500,2022,19,1,1,3450,2557-1138
2679299.93832725,1253899.6223803,2023,43,1,0,3450,2679-1253
2609312.57247774,1224063.78871366,2022,19,1,3,3450,2609-1224
2709582,1113417,2025,31,1,3,3450,2709-1113
2570500,1203500,2022,50,1,0,3450,2570-1203
2617051,1128588,2025,31,1,2,3450,2617-1128
2709500,1113500,2023,68,1,0,3450,2709-1113
2670850,1240612,2023,25,1,3,3450,2670-1240
2614419,1174383,2025,50,1,0,3450,2614-1174
2709628.1002368,1113293.57333526,2025,31,2,3,3450,2709-1113
2670260.07317489,1240804.55884211,2021,25,1,8,3450,2670-1240
2632500,1269500,2021,25,1,2,3450,2632-1269
2709761,1113546,2022,1,1,0,3450,2709-1113
2648765,1224682,2024,1,1,0,3450,2648-1224
2620245,1256956,2022,37,1,3,3450,2620-1256
2709600,1113340,2021,25,1,3,3450,2709-1113
2570171.55826185,1203620.27005927,2023,62,1,0,3450,2570-1203
2760707,1206479,2024,43,1,0,3450,2760-1206
2709500,1113500,2023,62,2,0,3450,2709-1113
2670350.07219683,1240899.55926051,2025,31,2,1,3450,2670-1240
2710028,1270977,2024,62,1,0,3450,2710-1270
2570171.55826185,1203620.27005927,2025,43,1,3,3450,2570-1203
2670866,1240689,2022,37,1,2,3450,2670-1240
2620500,1256500,2021,13,1,3,3450,2620-1256
2540606,1181657,2025,37,1,3,3450,2540-1181
2620344,1256955,2022,50,1,0,3450,2620-1256
2620239,1256984,2024,50,1,0,3450,2620-1256
2760700.1517479,1206399.80960859,2025,50,1,0,3450,2760-1206
2709599,1113300,2021,56,1,0,3450,2709-1113
2648548,1224636,2021,13,1,3,3450,2648-1224
2559620.18466926,1127739.35335862,2024,13,1,3,3450,2559-1127
2609312.57247774,1224063.78871366,2023,44,1,0,3450,2609-1224
2705500,1280500,2023,13,1,2,3450,2705-1280
2559964.39202934,1138353.33392528,2024,1,1,0,3450,2559-1138
2648500,1224500,2022,13,1,2,3450,2648-1224
2657043,1219733,2023,13,1,3,3450,2657-1219
2709884,1113925,2025,13,1,3,3450,2709-1113
2648602,1224670,2021,19,1,3,3450,2648-1224
2648554,1224651,2025,19,1,3,3450,2648-1224
2559948,1138169,2021,1,1,0,3450,2559-1138
2559921,1138155,2025,1,1,0,3450,2559-1138
2709602,1113344,2024,1,1,0,3450,2709-1113
2570500,1203500,2021,19,1,3,3450,2570-1203
2557491.38890435,1138847.38243464,2023,50,1,0,3450,2557-1138
2709434,1270624,2024,19,1,3,3450,2709-1270
2711500,1112500,2024,19,1,2,3450,2711-1112
2760742,1206533,2025,62,1,0,3450,2760-1206
2575665,1200537,2024,62,1,0,3450,2575-1200
2657283,1219787,2023,19,2,4,3450,2657-1219
2670500,1240500,2025,19,1,2,3450,2670-1240
2648500,1224500,2021,7,1,0,3450,2648-1224
2709500,1113500,2025,19,2,3,3450,2709-1113
2670500,1240500,2024,7,2,0,3450,2670-1240
2709500,1113500,2024,56,1,0,3450,2709-1113
2559996.39143369,1138313.33332478,2022,56,1,0,3450,2559-1138
2710498.55781398,1270998.86415489,2023,7,1,0,3450,2710-1270
2679614,1253861,2023,7,1,0,3450,2679-1253
2709617,1113503,2025,25,1,3,3450,2709-1113
2687476,1259259,2023,25,1,2,3450,2687-1259
2670500,1240500,2022,13,1,3,3450,2670-1240
2709500,1270500,2023,13,1,2,3450,2709-1270
2709356,1270895,2023,25,1,3,3450,2709-1270
2569970,1203107,2022,68,1,0,3450,2569-1203
2569500,1203500,2022,68,2,0,3450,2569-1203
2709500,1113500,2025,13,1,3,3450,2709-1113
2670750.06947643,1240749.55903759,2021,1,1,0,3450,2670-1240
2660500,1270500,2025,7,1,0,3450,2660-1270
2709695,1113589,2025,19,1,3,3450,2709-1113
2709055,1270823,2021,7,1,0,3450,2709-1270
2760565,1206479,2023,7,1,0,3450,2760-1206
2613204,1128592,2023,31,1,2,3450,2613-1128
2620500,1256500,2021,7,1,0,3450,2620-1256
2507185.76098407,1120949.64624735,2021,7,1,0,3450,2507-1120
2709661,1113796,2025,8,1,0,3450,2709-1113
2709447,1270976,2023,31,2,2,3450,2709-1270
2660500,1270500,2024,13,2,3,3450,2660-1270
2679939,1251876,2023,31,3,19,3450,2679-1251
2660827,1269748,2022,13,1,3,3450,2660-1269
2709158,1270853,2024,13,1,3,3450,2709-1270
2709450,1270982,2025,13,1,2,3450,2709-1270
2620022,1256159,2025,13,1,3,3450,2620-1256
2620383,1256941,2022,13,1,3,3450,2620-1256
2648500,1224500,2022,13,1,3,3450,2648-1224
2620455,1256805,2022,13,2,4,3450,2620-1256
2705412,1280557,2023,13,1,3,3450,2705-1280
2570549,1203825,2025,19,1,3,3450,2570-1203
2685195,1205551,2021,19,1,10,3450,2685-1205
2709500,1113500,2025,13,1,3,3450,2709-1113
2657280.17450376,1219738.48921485,2022,13,1,3,3450,2657-1219
2540489,1181866,2025,37,1,3,3450,2540-1181
2490994,1116679,2023,13,1,1,3450,2490-1116
2569500,1203500,2021,13,5,6,3450,2569-1203
2490183,1115366,2025,13,1,3,3450,2490-1115
2559620.18466926,1127739.35335862,2023,13,1,2,3450,2559-1127
2660500,1270500,2022,13,1,1,3450,2660-1270
2507500,1120500,2025,13,1,1,3450,2507-1120
2570171.55826185,1203620.27005927,2023,13,1,3,3450,2570-1203
2709450,1270939,2022,25,1,7,3450,2709-1270
2709584,1113328,2023,44,1,0,3450,2709-1113
2559252,1138110,2025,19,1,3,3450,2559-1138
2559183,1138062,2021,19,1,3,3450,2559-1138
2745541,1258576,2025,19,1,1,3450,2745-1258
2557500,1138500,2021,19,1,1,3450,2557-1138
2569500,1203500,2025,19,4,6,3450,2569-1203
2557500,1138500,2022,19,1,3,3450,2557-1138
2670500,1240500,2021,19,1,3,3450,2670-1240
2570500,1203500,2021,19,1,2,3450,2570-1203
2557500,1138500,2022,19,1,2,3450,2557-1138
2760542,1206432,2021,19,1,3,3450,2760-1206
2569500,1203500,2021,25,2,3,3450,2569-1203
2557574,1138401,2022,19,1,3,3450,2557-1138
2557804,1138148,2021,50,1,0,3450,2557-1138
2632960,1237303,2025,19,1,3,3450,2632-1237
2620481,1256942,2025,19,1,3,3450,2620-1256
2620372,1256958,2022,19,1,3,3450,2620-1256
2569500,1203500,2021,50,1,0,3450,2569-1203
2670500,1240500,2021,19,1,3,3450,2670-1240
2570500,1203500,2025,19,1,2,3450,2570-1203
2709500,1270500,2024,19,1,3,3450,2709-1270
2569409,1203431,2021,50,1,0,3450,2569-1203
2570500,1203500,2021,50,1,0,3450,2570-1203
2670260.07317489,1240804.5588421,2024,19,1,1,3450,2670-1240
2670350.07219683,1240899.55926052,2021,19,2,3,3450,2670-1240
2657280.17450376,1219738.48921485,2022,19,1,2,3450,2657-1219
2670750.06947643,1240749.55903759,2021,19,1,3,3450,2670-1240
2490159,1115458,2023,19,1,2,3450,2490-1115
2732272,1252887,2023,19,1,3,3450,2732-1252
2670500,1240500,2021,25,1,2,3450,2670-1240
2709785,1113781,2023,56,1,0,3450,2709-1113
2709814,1113750,2023,56,1,0,3450,2709-1113
2613500,1128500,2023,31,3,16,3450,2613-1128
2709665,1113464,2021,25,1,3,3450,2709-1113
2760585,1206417,2022,25,1,2,3450,2760-1206
2674088,1231754,2023,25,1,3,3450,2674-1231
2620500,1256500,2024,44,1,0,3450,2620-1256
2559729,1138211,2021,32,1,3,3450,2559-1138
2538478.25300482,1183335.84453464,2025,25,1,3,3450,2538-1183
2620254,1256957,2023,25,1,3,3450,2620-1256
2559098.38997532,1138480.35081721,2024,68,1,0,3450,2559-1138
2617692,1128378,2021,32,2,13,3450,2617-1128
2617955,1128264,2021,32,1,3,3450,2617-1128
2569732,1203177,2024,38,1,3,3450,2569-1203
2557340,1191818,2024,38,1,1,3450,2557-1191
2670500,1240500,2023,1,1,0,3450,2670-1240
2570500,1203500,2022,50,1,0,3450,2570-1203
2670872,1240683,2023,31,1,16,3450,2670-1240
2575654,1200512,2023,31,1,2,3450,2575-1200
2613295,1128479,2021,50,1,0,3450,2613-1128
2709500,1113500,2025,62,1,0,3450,2709-1113
2559996.39143369,1138313.33332478,2025,8,1,0,3450,2559-1138
2674126,1231905,2024,44,1,0,3450,2674-1231
2709755,1113614,2023,44,1,0,3450,2709-1113
2660500,1269500,2022,8,1,0,3450,2660-1269
2620359,1256940,2022,44,1,0,3450,2620-1256
2507412.75902636,1120860.64024527,2024,62,2,0,3450,2507-1120
2709169,1270658,2025,8,1,0,3450,2709-1270
2570728,1203364,2025,13,1,3,3450,2570-1203
2709500,1113500,2021,13,1,3,3450,2709-1113
2559098.38997532,1138480.35081722,2021,13,2,3,3450,2559-1138
2559996.39143369,1138313.33332478,2022,13,1,3,3450,2559-1138
2657332,1219720,2025,13,1,3,3450,2657-1219
2657324,1219724,2025,13,1,3,3450,2657-1219
2657332,1219720,2025,13,1,3,3450,2657-1219
2557491.38890435,1138847.38243464,2024,68,1,0,3450,2557-1138
2648500,1224500,2023,13,1,3,3450,2648-1224
2709169,1270658,2025,8,1,0,3450,2709-1270
2538478.25300482,1183335.84453464,2021,50,1,0,3450,2538-1183
2660815,1269687,2022,13,1,3,3450,2660-1269
2660865,1269642,2022,13,1,1,3450,2660-1269
2570171.55826185,1203620.27005927,2022,2,1,0,3450,2570-1203
2569500,1203500,2021,50,1,0,3450,2569-1203
2609312.57247774,1224063.78871366,2021,2,1,0,3450,2609-1224
2620500,1256500,2024,8,1,0,3450,2620-1256
2648580,1224595,2021,19,1,3,3450,2648-1224
2679299.93832725,1253899.6223803,2022,8,1,0,3450,2679-1253
2704722,1274672,2025,19,1,2,3450,2704-1274
2704722,1274672,2025,19,1,2,3450,2704-1274
2710217,1270932,2024,13,1,3,3450,2710-1270
2657323,1219747,2024,19,1,3,3450,2657-1219
2709500,1270500,2023,13,1,3,3450,2709-1270
2709960,1113516,2021,13,1,2,3450,2709-1113
2490121,1115240,2024,13,1,2,3450,2490-1115
2760661,1206615,2024,62,1,0,3450,2760-1206
2760654,1206504,2024,62,1,0,3450,2760-1206
2557500,1138500,2025,13,1,3,3450,2557-1138
2670500,1240500,2023,13,5,6,3450,2670-1240
2569366,1203226,2025,19,2,4,3450,2569-1203
2679741,1253777,2025,13,1,2,3450,2679-1253
2709774,1113297,2025,19,1,3,3450,2709-1113
2684720,1138100,2024,19,1,1,3450,2684-1138
2537600.53424967,1196400.90561853,2025,19,2,5,3450,2537-1196
2679500,1251500,2024,19,1,3,3450,2679-1251
2617170,1128319,2022,20,1,3,3450,2617-1128
2557577,1138423,2021,20,1,3,3450,2557-1138
2569500,1203500,2021,19,1,3,3450,2569-1203
2670417,1240884,2022,19,1,2,3450,2670-1240
2670670,1240770,2021,19,1,3,3450,2670-1240
2540014,1181716,2023,20,1,3,3450,2540-1181
2709605,1113345,2025,19,2,1,3450,2709-1113
2709500,1113500,2025,20,1,2,3450,2709-1113
2570500,1203500,2021,19,1,3,3450,2570-1203
2570500,1203500,2021,19,1,3,3450,2570-1203
2570500,1203500,2021,19,1,3,3450,2570-1203
2557500,1138500,2022,19,1,3,3450,2557-1138
2557733,1138047,2025,19,1,3,3450,2557-1138
2538478.25300482,1183335.84453464,2023,1,1,0,3450,2538-1183
2660500,1270500,2022,8,1,0,3450,2660-1270
2570500,1203500,2025,19,1,3,3450,2570-1203
2709753,1271031,2024,20,1,3,3450,2709-1271
2709292,1270479,2024,20,1,3,3450,2709-1270
2648500,1224500,2021,19,1,3,3450,2648-1224
2569500,1203500,2021,25,1,3,3450,2569-1203
2684770,1138187,2024,19,1,3,3450,2684-1138
2655421,1257611,2022,19,1,3,3450,2655-1257
2610045.62313111,1229799.79847376,2022,8,1,0,3450,2610-1229
2709579,1113442,2023,8,1,0,3450,2709-1113
2657315,1219755,2021,8,1,0,3450,2657-1219
2620372,1256968,2022,13,1,3,3450,2620-1256
2620334,1256954,2023,13,2,4,3450,2620-1256
2660500,1270500,2023,26,1,1,3450,2660-1270
2570734,1203852,2023,13,1,1,3450,2570-1203
2657280.17450376,1219738.48921485,2025,13,1,3,3450,2657-1219
2684555,1138938,2024,32,1,2,3450,2684-1138
2709889,1113896,2021,25,1,3,3450,2709-1113
2570500,1203500,2025,13,1,2,3450,2570-1203
2660500,1270500,2022,13,1,3,3450,2660-1270
2655500,1257500,2023,25,2,3,3450,2655-1257
2709768,1270964,2022,13,1,2,3450,2709-1270
2575681,1200664,2022,13,1,2,3450,2575-1200
2674107,1231648,2023,13,1,3,3450,2674-1231
2709588,1113379,2021,13,1,2,3450,2709-1113
2657350,1219683,2024,38,1,3,3450,2657-1219
2620500,1256500,2022,25,1,3,3450,2620-1256
2757047,1189837,2023,32,2,14,3450,2757-1189
2569500,1203500,2023,19,1,3,3450,2569-1203
2570500,1203500,2021,32,,1,3450,2570-1203
2620394,1256949,2025,19,1,3,3450,2620-1256
2657280.17450376,1219738.48921485,2024,19,1,3,3450,2657-1219
2657280.17450376,1219738.48921485,2024,19,1,3,3450,2657-1219
2670750.06947643,1240749.55903759,2021,19,1,3,3450,2670-1240
2569510,1203252,2025,38,2,1,3450,2569-1203
2679516,1252611,2023,19,1,3,3450,2679-1252
2709590,1113512,2023,44,1,0,3450,2709-1113
2709820,1113777,2023,44,1,0,3450,2709-1113
2709687,1113797,2022,50,1,0,3450,2709-1113
2613320,1128497,2021,50,1,0,3450,2613-1128
2628652.73305422,1128861.44835397,2021,32,1,1,3450,2628-1128
2600500,1226500,2021,19,1,10,3450,2600-1226
2557600,1138373,2021,38,1,3,3450,2557-1138
2557568,1138342,2025,19,2,3,3450,2557-1138
2709560,1113421,2025,19,1,3,3450,2709-1113
2507346,1120449,2022,19,1,3,3450,2507-1120
2674088,1231714,2023,19,2,3,3450,2674-1231
2709559,1113247,2022,50,1,0,3450,2709-1113
2760636,1206329,2021,19,2,2,3450,2760-1206
2709628.1002368,1113293.57333526,2021,19,2,2,3450,2709-1113
2760700.1517479,1206399.80960859,2023,19,1,3,3450,2760-1206
2670500,1240500,2021,44,1,0,3450,2670-1240
2557491.38890435,1138847.38243465,2021,50,1,0,3450,2557-1138
2570127,1203156,2023,50,1,0,3450,2570-1203
2559483.18674416,1127893.35578912,2025,44,1,0,3450,2559-1127
2679299.93832725,1253899.6223803,2023,44,1,0,3450,2679-1253
2620240,1256973,2023,25,1,3,3450,2620-1256
2559887.38949178,1138241.33549638,2022,56,1,0,3450,2559-1138
2557500,1138500,2022,62,1,0,3450,2557-1138
2569525.56262002,1203696.28167077,2023,56,1,0,3450,2569-1203
2660003,1270233,2023,62,1,0,3450,2660-1270
2570500,1203500,2021,62,2,0,3450,2570-1203
2657500,1219500,2021,62,1,0,3450,2657-1219
2709893,1113893,2025,68,1,0,3450,2709-1113
2710426,1270963,2021,62,1,0,3450,2710-1270
2760612,1206377,2025,38,1,2,3450,2760-1206
2625500,1128500,2021,38,1,3,3450,2625-1128
2620383,1256949,2021,38,1,3,3450,2620-1256
2559999,1138190,2025,8,1,0,3450,2559-1138
2540555,1181564,2021,44,1,0,3450,2540-1181
2648767,1224742,2021,8,1,3,3450,2648-1224
2620263,1256952,2022,44,1,0,3450,2620-1256
2620382,1256947,2024,44,1,0,3450,2620-1256
2670350.07219683,1240899.55926051,2025,14,1,3,3450,2670-1240
2507500,1120500,2022,14,2,4,3450,2507-1120
2620247,1256991,2021,50,1,0,3450,2620-1256
2709699,1113657,2023,50,1,0,3450,2709-1113
2709606,1113347,2024,50,1,0,3450,2709-1113
2709720,1113257,2024,50,1,0,3450,2709-1113
2648545,1224562,2025,13,1,3,3450,2648-1224
2660500,1270500,2022,13,1,3,3450,2660-1270
2757045,1189830,2024,20,1,3,3450,2757-1189
2709693,1113975,2025,20,1,1,3450,2709-1113
2710498.55781398,1270998.86415489,2023,8,1,0,3450,2710-1270
2559421,1138202,2022,8,1,0,3450,2559-1138
2709628.1002368,1113293.57333526,2024,50,1,0,3450,2709-1113
2620500,1256500,2022,13,1,2,3450,2620-1256
2670750.06947644,1240749.55903759,2025,20,1,2,3450,2670-1240
2557621,1138280,2025,13,2,4,3450,2557-1138
2670750.06947644,1240749.55903759,2025,20,1,2,3450,2670-1240
2670260.07317489,1240804.5588421,2023,20,1,3,3450,2670-1240
2490010.5894489,1115257.18310191,2022,56,1,0,3450,2490-1115
2670350.07219683,1240899.55926051,2024,56,1,0,3450,2670-1240
2709343,1270514,2021,13,1,3,3450,2709-1270
2557500,1138500,2023,20,1,3,3450,2557-1138
2620500,1256500,2022,20,1,3,3450,2620-1256
2710498.55781398,1270998.86415489,2023,13,1,3,3450,2710-1270
2670350.07219683,1240899.55926052,2022,26,1,1,3450,2670-1240
2709500,1270500,2025,13,1,3,3450,2709-1270
2617206,1128106,2025,32,1,3,3450,2617-1128
2557500,1138500,2022,62,1,0,3450,2557-1138
2709567,1113430,2025,20,1,3,3450,2709-1113
2709941,1113095,2021,20,1,2,3450,2709-1113
2507468,1120420,2022,20,2,4,3450,2507-1120
2557500,1138500,2023,20,1,3,3450,2557-1138
2570500,1203500,2025,32,2,4,3450,2570-1203
2674137,1231472,2021,68,1,0,3450,2674-1231
2569500,1203500,2025,68,1,0,3450,2569-1203
2507500,1120500,2021,20,1,2,3450,2507-1120
2557500,1138500,2022,20,1,3,3450,2557-1138
2648500,1224500,2025,20,1,1,3450,2648-1224
2569403,1203441,2022,20,2,3,3450,2569-1203
2625902,1128716,2023,38,1,3,3450,2625-1128
2570500,1203500,2024,2,1,0,3450,2570-1203
2711016,1112548,2025,20,1,3,3450,2711-1112
2657357,1219671,2023,20,1,3,3450,2657-1219
2657410,1219610,2024,20,1,3,3450,2657-1219
2711968,1112635,2025,20,1,3,3450,2711-1112
2670350.07219683,1240899.55926052,2021,38,1,3,3450,2670-1240
2657321,1219766,2023,20,1,3,3450,2657-1219
2570389,1203814,2025,44,1,0,3450,2570-1203
2559862,1138195,2025,20,1,3,3450,2559-1138
2709554,1270970,2022,26,1,7,3450,2709-1270
2559043,1138415,2023,50,1,0,3450,2559-1138
2570171.55826185,1203620.27005927,2025,56,2,0,3450,2570-1203
2710408,1270875,2024,26,1,3,3450,2710-1270
2709528,1270972,2025,26,2,7,3450,2709-1270
2620377,1256932,2022,13,1,3,3450,2620-1256
2620378,1256956,2023,13,1,3,3450,2620-1256
2620407,1256936,2021,13,1,3,3450,2620-1256
2620584,1256815,2025,13,1,3,3450,2620-1256
2760658,1206428,2021,13,1,1,3450,2760-1206
2709086,1270761,2023,13,1,3,3450,2709-1270
2709138,1270833,2025,13,1,3,3450,2709-1270
2612500,1128500,2021,32,2,16,3450,2612-1128
2648500,1224500,2021,13,1,3,3450,2648-1224
2679299.93832725,1253899.6223803,2025,69,1,0,3450,2679-1253
2540988,1181795,2025,32,1,3,3450,2540-1181
2684521,1138955,2021,32,1,2,3450,2684-1138
2557727,1138362,2025,13,1,3,3450,2557-1138
2570500,1203500,2021,2,1,0,3450,2570-1203
2609312.57247774,1224063.78871366,2021,2,1,0,3450,2609-1224
2569525.56262002,1203696.28167077,2022,32,1,3,3450,2569-1203
2711500,1112500,2025,20,1,3,3450,2711-1112
2672119,1237182,2024,38,1,3,3450,2672-1237
2620406,1256982,2025,20,1,3,3450,2620-1256
2620301,1256666,2022,20,1,3,3450,2620-1256
2507132.75027903,1120560.64955658,2024,20,1,1,3450,2507-1120
2557491.38890435,1138847.38243464,2024,14,1,3,3450,2557-1138
2709628.1002368,1113293.57333526,2025,20,1,3,3450,2709-1113
2670750.06947644,1240749.55903759,2024,20,1,2,3450,2670-1240
2569500,1203500,2021,32,2,3,3450,2569-1203
2633006,1237367,2025,20,1,2,3450,2633-1237
2670350.07219683,1240899.55926051,2025,14,2,3,3450,2670-1240
2507500,1120500,2021,14,1,2,3450,2507-1120
2570711,1203478,2025,50,1,0,3450,2570-1203
2617071.6379958,1127900.53605997,2024,20,1,3,3450,2617-1127
2559552,1138127,2023,20,1,2,3450,2559-1138
2490515,1115371,2025,20,1,2,3450,2490-1115
2490685,1115517,2024,20,1,3,3450,2490-1115
2490718,1115562,2021,20,2,2,3450,2490-1115
2559696,1127938,2023,44,1,0,3450,2559-1127
2679299.93832725,1253899.6223803,2025,44,1,0,3450,2679-1253
2507196,1120479,2024,20,1,2,3450,2507-1120
2570727,1203515,2025,50,1,0,3450,2570-1203
2507310,1120613,2025,26,1,3,3450,2507-1120
2657336,1219698,2022,50,1,0,3450,2657-1219
2657331,1219716,2022,50,1,0,3450,2657-1219
2660500,1270500,2024,50,1,0,3450,2660-1270
2709500,1113500,2022,56,3,0,3450,2709-1113
2570500,1203500,2021,56,1,0,3450,2570-1203
2569679,1203317,2021,26,1,14,3450,2569-1203
2705734,1274217,2025,56,1,0,3450,2705-1274
2613500,1128500,2023,32,1,3,3450,2613-1128
2732261,1252874,2022,32,2,13,3450,2732-1252
2557500,1138500,2022,32,2,1,3450,2557-1138
2557491.38890435,1138847.38243465,2022,56,1,0,3450,2557-1138
2559483.18674416,1127893.35578912,2022,56,1,0,3450,2559-1127
2660500,1270500,2022,32,2,16,3450,2660-1270
2667500,1258500,2024,32,1,2,3450,2667-1258
2569500,1203500,2023,26,1,3,3450,2569-1203
2507500,1120500,2021,68,1,0,3450,2507-1120
2569500,1203500,2023,44,1,0,3450,2569-1203
2557491.38890435,1138847.38243465,2021,44,1,0,3450,2557-1138
2679299.93832725,1253899.6223803,2022,44,1,0,3450,2679-1253
2490688,1115533,2025,44,1,0,3450,2490-1115
2490551,1115441,2023,44,1,0,3450,2490-1115
2633019,1237399,2024,32,1,14,3450,2633-1237
2620353,1256980,2023,32,5,19,3450,2620-1256
2611445,1128782,2023,51,1,0,3450,2611-1128
2745583,1258582,2021,32,2,16,3450,2745-1258
2569525.56262002,1203696.28167077,2022,32,1,3,3450,2569-1203
2570500,1203500,2023,2,2,0,3450,2570-1203
2570500,1203500,2023,2,2,0,3450,2570-1203
2711500,1112500,2024,8,1,0,3450,2711-1112
2670500,1240500,2023,2,1,0,3450,2670-1240
2540171,1181262,2024,63,1,0,3450,2540-1181
2655500,1257500,2024,8,1,0,3450,2655-1257
2570401,1203838,2025,50,1,0,3450,2570-1203
2557647,1138436,2025,69,1,0,3450,2557-1138
2620390,1256947,2025,50,1,0,3450,2620-1256
2507500,1120500,2022,14,2,2,3450,2507-1120
2657170.17550814,1219948.4901641,2022,50,1,0,3450,2657-1219
2709616,1113385,2024,8,1,0,3450,2709-1113
2709617,1270885,2025,14,1,1,3450,2709-1270
2710498.55781398,1270998.86415489,2023,14,1,3,3450,2710-1270
2710006,1270954,2023,14,1,3,3450,2710-1270
2732990,1252160,2023,8,1,0,3450,2732-1252
2709500,1271500,2021,20,1,3,3450,2709-1271
2557491.38890435,1138847.38243465,2022,62,1,0,3450,2557-1138
2710500,1270500,2025,14,1,1,3450,2710-1270
2648500,1224500,2021,20,2,12,3450,2648-1224
2679500,1251500,2022,14,2,2,3450,2679-1251
2540869.22048315,1181909.78682461,2024,14,1,2,3450,2540-1181
2709641,1270742,2021,14,1,3,3450,2709-1270
2570568,1203312,2025,14,1,1,3450,2570-1203
2709678,1113888,2022,20,1,1,3450,2709-1113
2648600,1224515,2021,20,1,3,3450,2648-1224
2570171.55826185,1203620.27005927,2024,14,1,3,3450,2570-1203
2674500,1231500,2024,20,1,1,3450,2674-1231
2559736,1138186,2025,68,1,0,3450,2559-1138
2557622,1138459,2022,20,1,3,3450,2557-1138
2710498.55781398,1270998.86415489,2023,20,1,3,3450,2710-1270
2570500,1203500,2023,20,1,3,3450,2570-1203
2709893,1113893,2025,68,1,0,3450,2709-1113
2679299.93832725,1253899.6223803,2023,20,1,3,3450,2679-1253
2709628.1002368,1113293.57333526,2021,20,1,3,3450,2709-1113
2660165,1269977,2022,20,1,3,3450,2660-1269
2660194,1269894,2022,20,1,3,3450,2660-1269
2709387,1271080,2024,20,1,3,3450,2709-1271
2490184,1115374,2022,20,1,3,3450,2490-1115
2537600.53424967,1196400.90561853,2025,20,1,5,3450,2537-1196
2658000.17980127,1241199.56270431,2023,20,1,3,3450,2658-1241
2557500,1138500,2023,20,1,3,3450,2557-1138
2557500,1138500,2025,26,1,3,3450,2557-1138
2490715,1115531,2023,26,1,3,3450,2490-1115
2670879,1240641,2021,26,1,2,3450,2670-1240
2710102,1270636,2023,26,1,3,3450,2710-1270
2709641,1113513,2023,26,1,3,3450,2709-1113
2709643,1113296,2022,26,1,2,3450,2709-1113
2620500,1256500,2025,14,1,3,3450,2620-1256
2709515,1271137,2025,14,1,1,3450,2709-1271
2709591,1113172,2025,32,1,3,3450,2709-1113
2559620.18466926,1127739.35335862,2023,14,2,3,3450,2559-1127
2679299.93832725,1253899.6223803,2024,38,1,3,3450,2679-1253
2570171.55826185,1203620.27005927,2024,45,1,0,3450,2570-1203
2709588,1270929,2025,14,1,3,3450,2709-1270
2711721,1112611,2023,45,1,0,3450,2711-1112
2620471,1256940,2024,20,1,3,3450,2620-1256
2620384,1256931,2023,20,1,3,3450,2620-1256
2679299.93832725,1253899.6223803,2023,38,3,13,3450,2679-1253
2570500,1203500,2023,38,1,1,3450,2570-1203
2569950,1203209,2022,44,1,0,3450,2569-1203
2559483.18674416,1127893.35578912,2025,44,1,0,3450,2559-1127
2559483.18674416,1127893.35578912,2024,44,1,0,3450,2559-1127
2570171.55826185,1203620.27005927,2022,44,1,0,3450,2570-1203
2557500,1138500,2023,20,1,3,3450,2557-1138
2570231,1203113,2023,51,1,0,3450,2570-1203
2620500,1256500,2025,20,1,3,3450,2620-1256
2708716,1270717,2024,20,1,2,3450,2708-1270
2600500,1226500,2021,57,1,0,3450,2600-1226
2760679,1206348,2023,20,2,3,3450,2760-1206
2620500,1256500,2024,20,1,3,3450,2620-1256
2507185.76098407,1120949.64624735,2021,20,1,2,3450,2507-1120
2709863,1113391,2025,44,1,0,3450,2709-1113
2569500,1203500,2025,57,1,0,3450,2569-1203
2709500,1113500,2025,50,3,0,3450,2709-1113
2559996.39143369,1138313.33332478,2024,63,1,0,3450,2559-1138
2620244,1256956,2023,26,1,3,3450,2620-1256
2569500,1203500,2022,50,1,0,3450,2569-1203
2557491.38890435,1138847.38243465,2022,50,1,0,3450,2557-1138
2709939,1113426,2024,50,1,0,3450,2709-1113
2709644,1113210,2023,56,2,0,3450,2709-1113
2709699,1113661,2023,56,1,0,3450,2709-1113
2570193,1203765,2022,56,1,0,3450,2570-1203
2705724,1274220,2025,56,1,0,3450,2705-1274
2705724,1274220,2025,56,1,0,3450,2705-1274
2557491.38890435,1138847.38243465,2022,2,1,0,3450,2557-1138
2569644.55120499,1203073.27749822,2023,56,1,0,3450,2569-1203
2709628.1002368,1113293.57333526,2022,56,1,0,3450,2709-1113
2490462.60499855,1115806.16573781,2024,9,1,0,3450,2490-1115
2660500,1270500,2025,32,1,3,3450,2660-1270
2569644.55120499,1203073.27749823,2022,63,1,0,3450,2569-1203
2709500,1270500,2025,14,1,3,3450,2709-1270
2557491.38890435,1138847.38243464,2025,14,1,3,3450,2557-1138
2559483.18674416,1127893.35578912,2022,69,1,0,3450,2559-1127
2559483.18674416,1127893.35578912,2022,69,1,0,3450,2559-1127
2569808,1203239,2025,32,1,3,3450,2569-1203
2660702,1269787,2022,14,1,1,3450,2660-1269
2490855.60212784,1115718.15437216,2021,32,1,2,3450,2490-1115
2660500,1270500,2022,14,1,3,3450,2660-1270
2570500,1203500,2021,14,2,3,3450,2570-1203
2679500,1252500,2024,14,3,2,3450,2679-1252
2709704,1113610,2025,38,1,3,3450,2709-1113
2570500,1203500,2023,2,1,0,3450,2570-1203
2620460,1256948,2023,38,1,2,3450,2620-1256
2709455,1113335,2023,2,1,0,3450,2709-1113
2670750.06947643,1240749.55903759,2021,20,1,1,3450,2670-1240
2757032,1189819,2023,20,2,10,3450,2757-1189
2710187,1270938,2024,8,2,0,3450,2710-1270
2709628.1002368,1113293.57333526,2021,38,1,2,3450,2709-1113
2660178,1269943,2022,20,1,3,3450,2660-1269
2660500,1270500,2022,20,2,3,3450,2660-1270
2709628.1002368,1113293.57333526,2025,44,1,0,3450,2709-1113
2660500,1270500,2021,44,1,0,3450,2660-1270
2709500,1270500,2025,20,1,1,3450,2709-1270
2660500,1270500,2022,8,1,0,3450,2660-1270
2648500,1224500,2021,14,1,3,3450,2648-1224
2570500,1203500,2025,26,1,3,3450,2570-1203
2490895,1115939,2025,50,1,0,3450,2490-1115
2620255,1256988,2021,50,1,0,3450,2620-1256
2620393,1256933,2025,50,1,0,3450,2620-1256
2570500,1203500,2025,26,1,3,3450,2570-1203
2709658,1113544,2023,14,1,3,3450,2709-1113
2557943,1138059,2025,14,1,3,3450,2557-1138
2709500,1113500,2025,14,1,3,3450,2709-1113
2559010,1138427,2025,26,1,3,3450,2559-1138
2569400,1203469,2021,14,1,3,3450,2569-1203
2570500,1203500,2025,56,2,0,3450,2570-1203
2709898,1271078,2024,56,1,0,3450,2709-1271
2660500,1270500,2022,14,1,3,3450,2660-1270
2709579,1113418,2024,56,1,0,3450,2709-1113
2670889,1240779,2023,20,1,4,3450,2670-1240
2670817,1240772,2023,20,1,10,3450,2670-1240
2709628.1002368,1113293.57333526,2023,56,3,0,3450,2709-1113
2569500,1203500,2021,56,1,0,3450,2569-1203
2570343,1203326,2023,20,1,3,3450,2570-1203
2648580,1224258,2021,20,1,1,3450,2648-1224
2559500,1127500,2021,63,1,0,3450,2559-1127
2570159,1203071,2023,20,1,1,3450,2570-1203
2711500,1112500,2023,20,1,2,3450,2711-1112
2710500,1270500,2024,20,2,7,3450,2710-1270
2670813,1240000,2021,39,1,2,3450,2670-1240
2679500,1252500,2022,20,1,2,3450,2679-1252
2710500,1270500,2025,20,3,1,3450,2710-1270
2660500,1270500,2024,20,2,2,3450,2660-1270
2569500,1203500,2025,20,1,3,3450,2569-1203
2705491.19607987,1274260.38802228,2022,20,2,3,3450,2705-1274
2760842,1206502,2023,20,1,3,3450,2760-1206
2559298,1138286,2025,20,1,3,3450,2559-1138
2559295,1138234,2025,20,1,2,3450,2559-1138
2490984,1116679,2023,20,2,6,3450,2490-1116
2657291,1219789,2025,20,1,10,3450,2657-1219
2657335,1219704,2024,20,1,3,3450,2657-1219
2709694,1113710,2023,20,1,3,3450,2709-1113
2537600.53424967,1196400.90561853,2025,20,1,8,3450,2537-1196
2679299.93832725,1253899.6223803,2021,45,2,0,3450,2679-1253
2670500,1240500,2021,20,1,3,3450,2670-1240
2490654.58784414,1115221.16373579,2024,20,2,3,3450,2490-1115
2570500,1203500,2024,20,1,2,3450,2570-1203
2710500,1270500,2024,26,1,3,3450,2710-1270
2705491.19607987,1274260.38802228,2021,26,1,3,3450,2705-1274
2600500,1226500,2021,8,1,0,3450,2600-1226
2559620.18466926,1127739.35335862,2023,8,1,0,3450,2559-1127
2673000.07040606,1234049.53576146,2021,26,1,2,3450,2673-1234
2709446,1113985,2024,63,1,0,3450,2709-1113
2559887.38949178,1138241.33549638,2023,63,1,0,3450,2559-1138
2670500,1240500,2024,32,1,2,3450,2670-1240
2620371,1256932,2025,14,1,3,3450,2620-1256
2620273,1256655,2024,14,1,3,3450,2620-1256
2620260,1256673,2025,14,1,3,3450,2620-1256
2620300,1256634,2025,14,1,2,3450,2620-1256
2557759,1138255,2024,69,2,0,3450,2557-1138
2667853,1258600,2024,32,1,2,3450,2667-1258
2672750.06699532,1236199.54378739,2022,32,1,3,3450,2672-1236
2709500,1270500,2023,14,1,3,3450,2709-1270
2537050.53999778,1196600.91889603,2025,69,1,0,3450,2537-1196
2559712,1138221,2025,3,1,0,3450,2559-1138
2679231,1251599,2022,38,2,13,3450,2679-1251
2557500,1138500,2023,32,1,3,3450,2557-1138
2709781,1270971,2025,20,3,1,3450,2709-1270
2709593,1113475,2023,20,1,2,3450,2709-1113
2620391,1256944,2025,20,1,3,3450,2620-1256
2557520,1138855,2021,3,1,0,3450,2557-1138
2709610,1113436,2023,20,1,2,3450,2709-1113
2760669,1206505,2023,20,1,3,3450,2760-1206
2709665,1113224,2022,51,1,0,3450,2709-1113
2709255.09726616,1113898.56641664,2023,20,1,2,3450,2709-1113
2709628.1002368,1113293.57333526,2023,20,1,2,3450,2709-1113
2657280.17450376,1219738.48921485,2025,20,1,10,3450,2657-1219
2670743,1240863,2024,20,1,1,3450,2670-1240
2559620.18466926,1127739.35335862,2023,9,1,0,3450,2559-1127
2557500,1138500,2023,20,1,3,3450,2557-1138
2657103,1219818,2022,51,1,0,3450,2657-1219
2559147,1127854,2022,51,1,0,3450,2559-1127
2617914.64348447,1127764.5291236,2021,20,1,1,3450,2617-1127
2760700.1517479,1206399.80960859,2023,20,1,2,3450,2760-1206
2557491.38890435,1138847.38243465,2022,14,1,3,3450,2557-1138
2709603,1113340,2023,51,1,0,3450,2709-1113
2559965,1138213,2023,51,1,0,3450,2559-1138
2569500,1203500,2021,26,1,3,3450,2569-1203
2709515,1270972,2025,26,2,14,3450,2709-1270
2711457,1112322,2021,21,1,3,3450,2711-1112
2620286,1256950,2022,26,1,3,3450,2620-1256
2569500,1203500,2025,57,1,0,3450,2569-1203
2620237,1256941,2023,26,1,3,3450,2620-1256
2570500,1203500,2021,26,2,4,3450,2570-1203
2710305,1270848,2025,57,1,0,3450,2710-1270
2710461,1270155,2022,57,1,0,3450,2710-1270
2570500,1203500,2021,26,2,4,3450,2570-1203
2709500,1113500,2025,69,1,0,3450,2709-1113
2570171.55826185,1203620.27005927,2022,63,1,0,3450,2570-1203
2709628.1002368,1113293.57333526,2025,21,1,2,3450,2709-1113
2570171.55826185,1203620.27005927,2025,26,1,3,3450,2570-1203
2559141,1138082,2025,63,1,0,3450,2559-1138
2620290,1256934,2024,32,1,2,3450,2620-1256
2657280.17450376,1219738.48921485,2022,32,1,2,3450,2657-1219
2679927,1251882,2025,8,2,0,3450,2679-1251
2672750.06699532,1236199.54378739,2024,14,1,3,3450,2672-1236
2620396,1256964,2025,44,1,0,3450,2620-1256
2620500,1256500,2024,8,1,0,3450,2620-1256
2657334,1219769,2022,14,1,3,3450,2657-1219
2559343,1138303,2025,8,1,0,3450,2559-1138
2648603,1224609,2025,14,1,3,3450,2648-1224
2709702,1270847,2025,14,1,3,3450,2709-1270
2709254,1270793,2024,14,1,2,3450,2709-1270
2708918,1270784,2024,14,1,3,3450,2708-1270
2670847,1240498,2025,45,1,0,3450,2670-1240
2709500,1113500,2021,20,1,3,3450,2709-1113
2620349,1256938,2023,51,1,0,3450,2620-1256
2620117,1256797,2022,51,1,0,3450,2620-1256
2670500,1240500,2023,20,2,3,3450,2670-1240
2570041,1203060,2024,45,1,0,3450,2570-1203
2679299.93832725,1253899.6223803,2022,45,1,0,3450,2679-1253
2673000.07040606,1234049.53576146,2021,20,1,2,3450,2673-1234
2559500,1127500,2023,57,1,0,3450,2559-1127
2709632,1113403,2021,20,1,3,3450,2709-1113
2620500,1256500,2024,14,1,3,3450,2620-1256
2648714,1224882,2021,20,1,3,3450,2648-1224
2709688,1113438,2021,20,1,3,3450,2709-1113
2709500,1270500,2024,14,2,3,3450,2709-1270
2648500,1224500,2022,51,1,0,3450,2648-1224
2557491.38890435,1138847.38243464,2023,14,1,3,3450,2557-1138
2679834,1251884,2022,20,1,3,3450,2679-1251
2570025,1203690,2025,20,1,3,3450,2570-1203
2657297,1219776,2025,20,1,7,3450,2657-1219
2569644.55120499,1203073.27749823,2021,51,2,0,3450,2569-1203
2709044,1270757,2024,14,1,3,3450,2709-1270
2628459,1128342,2022,20,1,3,3450,2628-1128
2760588,1206307,2022,63,1,0,3450,2760-1206
2575663,1200516,2023,63,1,0,3450,2575-1200
2709712,1113602,2023,20,1,2,3450,2709-1113
2709685,1113865,2024,20,1,3,3450,2709-1113
2557491.38890435,1138847.38243465,2022,63,1,0,3450,2557-1138
2570368,1203822,2025,20,1,3,3450,2570-1203
2709744,1270985,2021,26,1,2,3450,2709-1270
2620500,1256500,2022,20,1,3,3450,2620-1256
2570500,1203500,2025,69,1,0,3450,2570-1203
2679299.93832725,1253899.6223803,2025,63,1,0,3450,2679-1253
2657307,1219770,2022,26,1,2,3450,2657-1219
2651475,1251259,2025,32,1,3,3450,2651-1251
2557500,1138500,2022,26,1,2,3450,2557-1138
2559620.18466926,1127739.35335862,2023,8,1,0,3450,2559-1127
2655500,1257500,2023,9,1,0,3450,2655-1257
2660500,1270500,2025,32,1,1,3450,2660-1270
2613500,1128500,2021,32,1,3,3450,2613-1128
2559924,1138171,2025,9,1,0,3450,2559-1138
2660216,1269918,2022,9,1,3,3450,2660-1269
2655390,1257829,2023,9,1,0,3450,2655-1257
2570171.55826185,1203620.27005927,2023,8,1,0,3450,2570-1203
2648500,1224500,2021,14,1,3,3450,2648-1224
2490547,1115462,2024,14,1,3,3450,2490-1115
2557700,1138157,2021,38,1,3,3450,2557-1138
2709014,1270989,2024,14,2,3,3450,2709-1270
2710500,1270500,2024,14,1,1,3450,2710-1270
2557491.38890435,1138847.38243464,2025,15,1,2,3450,2557-1138
2609312.57247774,1224063.78871366,2021,15,1,2,3450,2609-1224
2559620.18466926,1127739.35335862,2023,15,1,2,3450,2559-1127
2670350.07219683,1240899.55926052,2022,15,2,3,3450,2670-1240
2559228,1138348,2023,15,1,2,3450,2559-1138
2569500,1203500,2021,14,1,2,3450,2569-1203
2709606,1270961,2022,14,1,3,3450,2709-1270
2709219,1270845,2024,14,3,3,3450,2709-1270
2709783,1270888,2024,14,1,1,3450,2709-1270
2620330,1256695,2024,14,1,3,3450,2620-1256
2620238,1256943,2023,14,1,3,3450,2620-1256
2620302,1256956,2024,14,1,3,3450,2620-1256
2610045.62313111,1229799.79847375,2025,14,1,3,3450,2610-1229
2660500,1270500,2025,32,2,1,3450,2660-1270
2709255.09726616,1113898.56641664,2024,20,1,3,3450,2709-1113
2670500,1240500,2022,15,2,6,3450,2670-1240
2711500,1112500,2024,51,1,0,3450,2711-1112
2709616,1113512,2023,21,1,3,3450,2709-1113
2557500,1138500,2021,51,1,0,3450,2557-1138
2657289,1219768,2025,51,1,0,3450,2657-1219
2559996.39143369,1138313.33332478,2022,51,1,0,3450,2559-1138
2614419,1174675,2023,21,1,3,3450,2614-1174
2709938,1113679,2025,20,1,3,3450,2709-1113
2709871,1113868,2025,20,1,3,3450,2709-1113
2570500,1203500,2024,45,1,0,3450,2570-1203
2670750.06947644,1240749.55903759,2025,21,1,2,3450,2670-1240
2709918,1113087,2022,20,1,3,3450,2709-1113
2709656,1113538,2021,20,1,3,3450,2709-1113
2709834,1113875,2021,20,1,3,3450,2709-1113
2570500,1203500,2021,57,1,0,3450,2570-1203
2507372,1120509,2021,20,1,3,3450,2507-1120
2507185.76098407,1120949.64624735,2021,20,1,3,3450,2507-1120
2557500,1138500,2023,20,2,3,3450,2557-1138
2620500,1256500,2022,57,1,0,3450,2620-1256
2507185.76098407,1120949.64624735,2022,20,1,2,3450,2507-1120
2570580,1203816,2021,57,1,0,3450,2570-1203
2490886,1116338,2025,21,1,3,3450,2490-1116
2709628.1002368,1113293.57333526,2025,20,1,2,3450,2709-1113
2760700.1517479,1206399.80960859,2025,20,1,2,3450,2760-1206
2620263,1256667,2022,26,1,3,3450,2620-1256
2620500,1256500,2024,57,1,0,3450,2620-1256
2709500,1113500,2021,21,1,3,3450,2709-1113
2670750.06947643,1240749.55903759,2021,26,1,3,3450,2670-1240
2670750.06947643,1240749.55903759,2021,26,1,2,3450,2670-1240
2620500,1256500,2025,21,1,3,3450,2620-1256
2670500,1240500,2023,21,2,1,3450,2670-1240
2559483.18674416,1127893.35578912,2025,51,1,0,3450,2559-1127
2559230,1138354,2025,51,1,0,3450,2559-1138
2660500,1270500,2025,63,1,0,3450,2660-1270
2709500,1113500,2025,57,1,0,3450,2709-1113
2614447,1174761,2022,27,1,3,3450,2614-1174
2709500,1113500,2025,57,1,0,3450,2709-1113
2760659,1206236,2024,26,1,3,3450,2760-1206
2709972,1271079,2023,69,1,0,3450,2709-1271
2612500,1128500,2021,32,1,3,3450,2612-1128
2660721,1269706,2025,33,1,3,3450,2660-1269
2557171,1191623,2024,33,2,6,3450,2557-1191
2620340,1256949,2021,32,1,2,3450,2620-1256
2709955,1271077,2024,2,1,0,3450,2709-1271
2620353,1256983,2023,32,5,16,3450,2620-1256
2559163,1138408,2024,63,1,0,3450,2559-1138
2679299.93832725,1253899.6223803,2025,63,1,0,3450,2679-1253
2559964.39202934,1138353.33392529,2021,2,1,0,3450,2559-1138
2559887.38949178,1138241.33549638,2021,2,1,0,3450,2559-1138
2570171.55826185,1203620.27005927,2025,69,1,0,3450,2570-1203
2557603,1138382,2021,39,1,3,3450,2557-1138
2709672,1113800,2023,9,1,0,3450,2709-1113
2620339,1256668,2022,38,1,3,3450,2620-1256
2620336,1256947,2023,38,1,3,3450,2620-1256
2609312.57247774,1224063.78871366,2022,45,1,0,3450,2609-1224
2570500,1203500,2022,2,1,0,3450,2570-1203
2557590,1138380,2022,45,1,0,3450,2557-1138
2679299.93832725,1253899.6223803,2022,51,1,0,3450,2679-1253
2680023,1251512,2024,9,1,3,3450,2680-1251
2559599,1138277,2021,51,1,0,3450,2559-1138
2570500,1203500,2025,51,1,0,3450,2570-1203
2569500,1203500,2024,14,1,1,3450,2569-1203
2570103,1203061,2021,14,1,3,3450,2570-1203
2570230,1203002,2022,14,1,3,3450,2570-1203
2709623,1113432,2023,45,1,0,3450,2709-1113
2490693,1115393,2025,57,1,0,3450,2490-1115
2557500,1138500,2021,57,1,0,3450,2557-1138
2679777,1251780,2024,14,1,3,3450,2679-1251
2709500,1113500,2022,51,1,0,3450,2709-1113
2705891,1274277,2025,64,1,0,3450,2705-1274
2709083,1270761,2023,20,2,1,3450,2709-1270
2709703,1113574,2022,51,2,0,3450,2709-1113
2660720,1269706,2022,20,1,3,3450,2660-1269
2709603,1113332,2021,20,1,3,3450,2709-1113
2709615,1113390,2021,20,1,2,3450,2709-1113
2709674,1113808,2021,20,1,3,3450,2709-1113
2570299,1203192,2022,14,1,2,3450,2570-1203
2620329,1256953,2023,57,1,0,3450,2620-1256
2620317,1256959,2022,57,1,0,3450,2620-1256
2660500,1270500,2022,20,2,3,3450,2660-1270
2672766,1236441,2022,14,1,3,3450,2672-1236
2705528,1274115,2021,20,1,1,3450,2705-1274
2705075,1274409,2022,20,1,2,3450,2705-1274
2672750.06699532,1236199.54378739,2021,20,1,3,3450,2672-1236
2559996.39143369,1138313.33332478,2021,20,1,2,3450,2559-1138
2490254,1115450,2023,20,2,4,3450,2490-1115
2709833,1113954,2022,20,1,3,3450,2709-1113
2490876,1115297,2025,3,1,0,3450,2490-1115
2705491.19607987,1274260.38802228,2023,20,1,10,3450,2705-1274
2660500,1270500,2022,20,2,3,3450,2660-1270
2660500,1270500,2025,63,1,0,3450,2660-1270
2660500,1270500,2025,63,1,0,3450,2660-1270
2570500,1203500,2021,20,1,3,3450,2570-1203
2670062,1240858,2025,20,1,3,3450,2670-1240
2507185.76098407,1120949.64624735,2023,63,1,0,3450,2507-1120
2490838,1115773,2023,20,2,4,3450,2490-1115
2672500,1237500,2023,9,1,0,3450,2672-1237
2710465,1270801,2024,20,2,7,3450,2710-1270
2710488,1270993,2023,20,1,2,3450,2710-1270
2490736,1115499,2023,9,1,0,3450,2490-1115
2628705,1128967,2021,20,2,2,3450,2628-1128
2679499,1252499,2022,20,1,3,3450,2679-1252
2679803,1253921,2022,20,1,3,3450,2679-1253
2679768,1253795,2022,20,1,2,3450,2679-1253
2660500,1270500,2023,26,1,3,3450,2660-1270
2570460,1203746,2025,2,1,0,3450,2570-1203
2657170.17550814,1219948.4901641,2024,2,1,0,3450,2657-1219
2557491.38890435,1138847.38243464,2023,20,1,3,3450,2557-1138
2674100.0693407,1231299.52616224,2022,26,1,14,3450,2674-1231
2658000.17980127,1241199.56270432,2021,33,1,3,3450,2658-1241
2557491.38890435,1138847.38243464,2023,15,1,3,3450,2557-1138
2609312.57247774,1224063.78871366,2022,15,1,3,3450,2609-1224
2709500,1270500,2021,15,1,3,3450,2709-1270
2620434,1256945,2024,9,1,3,3450,2620-1256
2559455,1138254,2025,9,1,3,3450,2559-1138
2557491.38890435,1138847.38243464,2025,9,1,0,3450,2557-1138
2710498.55781398,1270998.86415489,2023,26,1,3,3450,2710-1270
2559620.18466926,1127739.35335862,2023,9,1,0,3450,2559-1127
2557304.38920156,1191785.47097057,2023,9,1,0,3450,2557-1191
2709483,1270947,2023,9,2,0,3450,2709-1270
2711421,1112311,2021,33,1,3,3450,2711-1112
2620253,1256961,2024,14,1,3,3450,2620-1256
2709677,1113962,2024,21,1,1,3450,2709-1113
2490134,1115254,2025,14,1,3,3450,2490-1115
2490186,1115367,2022,14,1,3,3450,2490-1115
2657280.17450376,1219738.48921485,2022,14,1,3,3450,2657-1219
2570399,1203821,2025,26,1,3,3450,2570-1203
2709500,1270500,2024,14,3,3,3450,2709-1270
2709990,1270971,2022,14,1,1,3450,2709-1270
2760763,1206301,2023,14,1,3,3450,2760-1206
2673000.07040606,1234049.53576145,2023,45,1,0,3450,2673-1234
2559660,1128139,2022,33,1,2,3450,2559-1128
2559783,1128059,2022,33,1,2,3450,2559-1128
2557491.38890435,1138847.38243465,2022,21,1,3,3450,2557-1138
2670350.07219683,1240899.55926051,2025,21,2,4,3450,2670-1240
2559620.18466926,1127739.35335862,2021,21,2,2,3450,2559-1127
2670729,1240972,2025,14,2,3,3450,2670-1240
2760700.1517479,1206399.80960859,2023,14,1,3,3450,2760-1206
2670350.07219683,1240899.55926051,2023,21,2,4,3450,2670-1240
2660500,1270500,2023,39,1,3,3450,2660-1270
2709500,1113500,2023,14,1,3,3450,2709-1113
2660500,1270500,2022,20,1,3,3450,2660-1270
2657327,1219730,2023,45,1,0,3450,2657-1219
2490928,1115823,2023,20,2,4,3450,2490-1115
2709641,1113388,2025,51,1,0,3450,2709-1113
2709628,1113388,2024,51,1,0,3450,2709-1113
2660081,1270559,2023,45,1,0,3450,2660-1270
2660500,1270500,2023,20,3,4,3450,2660-1270
2620500,1256500,2022,20,1,3,3450,2620-1256
2557627,1138427,2023,20,1,2,3450,2557-1138
2658023,1241168,2023,20,2,4,3450,2658-1241
2490580,1115432,2021,27,1,3,3450,2490-1115
2490562,1115423,2021,27,1,3,3450,2490-1115
2760584,1206347,2021,20,1,3,3450,2760-1206
2709682,1113503,2021,20,1,3,3450,2709-1113
2570171.55826185,1203620.27005927,2025,51,1,0,3450,2570-1203
2660500,1270500,2022,20,2,3,3450,2660-1270
2610045.62313111,1229799.79847376,2021,20,1,3,3450,2610-1229
2760700.1517479,1206399.80960859,2023,20,1,3,3450,2760-1206
2709628.1002368,1113293.57333526,2021,20,1,3,3450,2709-1113
2657223,1219333,2021,57,1,0,3450,2657-1219
2657283,1219794,2023,57,1,0,3450,2657-1219
2709628.1002368,1113293.57333526,2021,20,1,2,3450,2709-1113
2559976,1138219,2023,51,1,0,3450,2559-1138
2559185,1138221,2024,51,1,0,3450,2559-1138
2570500,1203500,2021,51,1,0,3450,2570-1203
2709715,1113901,2025,20,1,3,3450,2709-1113
2705369,1274064,2021,26,1,3,3450,2705-1274
2620706,1256996,2024,26,1,2,3450,2620-1256
2570085,1203095,2025,69,1,0,3450,2570-1203
2569500,1203500,2025,69,1,0,3450,2569-1203
2490957,1116798,2022,45,1,0,3450,2490-1116
2709480,1270948,2024,26,1,2,3450,2709-1270
2660097,1270480,2021,52,1,0,3450,2660-1270
2507234,1120468,2024,26,1,1,3450,2507-1120
2657500,1219500,2021,52,1,0,3450,2657-1219
2559688,1138240,2025,3,1,0,3450,2559-1138
2570171.55826185,1203620.27005927,2021,58,1,0,3450,2570-1203
2620246,1256953,2023,33,1,1,3450,2620-1256
2559500,1138500,2023,58,1,0,3450,2559-1138
2559454,1127868,2023,3,1,0,3450,2559-1127
2710498.55781398,1270998.8641549,2021,3,2,0,3450,2710-1270
2569500,1203500,2025,9,1,0,3450,2569-1203
2490872,1115649,2021,58,1,0,3450,2490-1115
2709739,1270989,2025,9,2,0,3450,2709-1270
2570015,1203073,2022,9,1,0,3450,2570-1203
2570500,1203500,2023,9,1,0,3450,2570-1203
2709500,1113500,2024,14,1,3,3450,2709-1113
2569847,1203325,2022,14,1,3,3450,2569-1203
2569500,1203500,2023,14,1,3,3450,2569-1203
2620377,1256939,2025,45,1,0,3450,2620-1256
2709500,1113500,2024,14,1,3,3450,2709-1113
2709740,1270975,2024,14,1,3,3450,2709-1270
2648544,1224652,2025,14,1,3,3450,2648-1224
2709820,1113745,2024,14,1,3,3450,2709-1113
2570500,1203500,2022,3,1,0,3450,2570-1203
2559039,1138423,2025,3,1,0,3450,2559-1138
2710498.55781398,1270998.86415489,2023,14,1,3,3450,2710-1270
2507500,1120500,2021,21,1,10,3450,2507-1120
2704023,1274933,2025,21,1,3,3450,2704-1274
2704023,1274933,2025,21,1,3,3450,2704-1274
2657295,1219767,2022,21,1,3,3450,2657-1219
2679500,1252500,2024,3,1,0,3450,2679-1252
2559535,1138305,2023,9,1,0,3450,2559-1138
2679299.93832725,1253899.6223803,2024,9,2,0,3450,2679-1253
2557100,1191357,2023,9,1,0,3450,2557-1191
2570418,1203807,2025,21,1,3,3450,2570-1203
2559725,1127962,2021,21,1,1,3450,2559-1127
2559887.38949178,1138241.33549638,2022,57,1,0,3450,2559-1138
2679500,1251500,2024,21,1,3,3450,2679-1251
2648603,1224606,2021,21,1,1,3450,2648-1224
2557491.38890435,1138847.38243464,2023,21,1,3,3450,2557-1138
2620500,1256500,2023,57,1,0,3450,2620-1256
2569500,1203500,2025,21,1,3,3450,2569-1203
2490501,1115371,2022,15,1,3,3450,2490-1115
2490568,1115362,2024,15,1,3,3450,2490-1115
2612500,1128500,2024,27,1,2,3450,2612-1128
2632793,1237388,2024,69,1,0,3450,2632-1237
2670350.07219683,1240899.55926051,2023,21,1,3,3450,2670-1240
2490855.60212784,1115718.15437216,2021,3,1,0,3450,2490-1115
2709483,1270973,2024,27,2,14,3450,2709-1270
2660067,1270094,2022,21,1,3,3450,2660-1270
2614418,1174684,2023,21,1,3,3450,2614-1174
2657131,1219235,2023,33,1,2,3450,2657-1219
2660500,1270500,2024,9,1,0,3450,2660-1270
2660500,1270500,2022,33,1,3,3450,2660-1270
2620408,1256930,2023,9,1,0,3450,2620-1256
2660500,1270500,2022,21,1,3,3450,2660-1270
2672750.06699532,1236199.54378739,2023,45,1,0,3450,2672-1236
2557491.38890435,1138847.38243465,2021,14,2,3,3450,2557-1138
2559483.18674416,1127893.35578912,2025,45,1,0,3450,2559-1127
2620377,1256953,2025,14,1,3,3450,2620-1256
2490058,1115209,2022,14,1,1,3450,2490-1115
2709119,1270837,2024,14,2,6,3450,2709-1270
2559996.39143369,1138313.33332478,2022,51,1,0,3450,2559-1138
2559124,1138417,2023,45,1,0,3450,2559-1138
2709677,1113919,2022,27,1,16,3450,2709-1113
2617071.6379958,1127900.53605998,2021,14,1,3,3450,2617-1127
2709644,1113475,2024,51,1,0,3450,2709-1113
2648500,1224500,2021,21,1,3,3450,2648-1224
2657300,1219772,2023,57,1,0,3450,2657-1219
2620201,1256716,2022,21,1,3,3450,2620-1256
2620355,1256959,2022,21,1,3,3450,2620-1256
2620374,1256958,2025,21,1,3,3450,2620-1256
2559887.38949178,1138241.33549638,2022,57,1,0,3450,2559-1138
2657280.17450376,1219738.48921485,2022,21,1,2,3450,2657-1219
2569466,1203620,2022,51,1,0,3450,2569-1203
2670600.07036743,1240849.55927953,2025,21,2,4,3450,2670-1240
2760751,1206321,2025,21,1,3,3450,2760-1206
2760534,1206420,2024,21,1,2,3450,2760-1206
2569500,1203500,2022,57,2,0,3450,2569-1203
2570500,1203500,2021,39,1,1,3450,2570-1203
2679299.93832725,1253899.6223803,2025,46,1,0,3450,2679-1253
2569500,1203500,2021,21,1,1,3450,2569-1203
2660189,1269865,2021,46,1,0,3450,2660-1269
2709683,1113959,2025,46,1,0,3450,2709-1113
2559322,1138238,2022,57,1,0,3450,2559-1138
2617071.6379958,1127900.53605998,2021,21,2,12,3450,2617-1127
2709601,1113342,2025,46,2,0,3450,2709-1113
2709628.1002368,1113293.57333526,2021,21,1,3,3450,2709-1113
2557550,1138629,2025,57,1,0,3450,2557-1138
2709500,1113500,2023,57,1,0,3450,2709-1113
2569722,1203167,2022,69,2,0,3450,2569-1203
2569500,1203500,2025,52,1,0,3450,2569-1203
2660500,1270500,2024,69,1,0,3450,2660-1270
2655500,1257500,2022,27,1,3,3450,2655-1257
2620614,1256735,2025,27,1,2,3450,2620-1256
2612500,1128500,2024,27,1,2,3450,2612-1128
2660500,1270500,2024,69,1,0,3450,2660-1270
2614500,1174500,2021,69,1,0,3450,2614-1174
2559923,1138150,2025,3,1,0,3450,2559-1138
2745583,1258582,2021,33,2,13,3450,2745-1258
2559662,1127969,2021,3,1,0,3450,2559-1127
2709161,1270560,2022,9,1,0,3450,2709-1270
2569825,1203121,2025,64,1,0,3450,2569-1203
2559792,1138184,2025,3,1,0,3450,2559-1138
2559822,1138155,2025,3,1,0,3450,2559-1138
2732233,1252814,2023,9,1,0,3450,2732-1252
2710500,1270500,2024,9,1,0,3450,2710-1270
2679532,1251819,2023,9,1,0,3450,2679-1251
2679299.93832725,1253899.6223803,2023,9,1,0,3450,2679-1253
2490855.60212784,1115718.15437215,2024,39,1,1,3450,2490-1115
2710498.55781398,1270998.86415489,2023,9,5,0,3450,2710-1270
2620351,1256956,2023,39,1,2,3450,2620-1256
2557491.38890435,1138847.38243464,2024,45,1,0,3450,2557-1138
2660832,1269720,2023,10,1,0,3450,2660-1269
2490188,1115374,2021,10,1,0,3450,2490-1115
2709603,1113344,2022,15,1,3,3450,2709-1113
2620500,1256500,2024,15,1,3,3450,2620-1256
2570171.55826185,1203620.27005927,2022,45,1,0,3450,2570-1203
2620339,1256696,2022,45,1,0,3450,2620-1256
2620347,1256967,2025,45,1,0,3450,2620-1256
2559001,1138418,2022,15,1,3,3450,2559-1138
2559483.18674416,1127893.35578912,2022,15,1,3,3450,2559-1127
2575817,1200684,2022,51,1,0,3450,2575-1200
2709628.1002368,1113293.57333526,2024,51,1,0,3450,2709-1113
2660500,1270500,2023,51,2,0,3450,2660-1270
2710498.55781398,1270998.8641549,2022,15,2,3,3450,2710-1270
2559574,1127831,2023,15,1,3,3450,2559-1127
2570375,1203810,2025,21,1,6,3450,2570-1203
2709702,1113667,2023,57,1,0,3450,2709-1113
2620363,1256936,2022,57,1,0,3450,2620-1256
2620311,1256821,2023,57,1,0,3450,2620-1256
2680500,1251500,2022,15,1,3,3450,2680-1251
2709500,1270500,2025,21,2,10,3450,2709-1270
2709500,1113500,2025,21,2,1,3450,2709-1113
2709921,1113088,2022,21,1,3,3450,2709-1113
2709500,1270500,2025,21,2,10,3450,2709-1270
2760500,1262500,2023,21,1,3,3450,2760-1262
2628927,1128572,2022,21,2,3,3450,2628-1128
2673071,1234175,2023,21,1,3,3450,2673-1234
2570513,1203799,2025,21,1,1,3450,2570-1203
2704811,1274544,2025,21,1,3,3450,2704-1274
2614688,1174285,2024,21,1,3,3450,2614-1174
2709476,1270949,2025,27,2,16,3450,2709-1270
2490654.58784414,1115221.16373579,2025,21,1,3,3450,2490-1115
2670350.07219683,1240899.55926051,2023,21,1,2,3450,2670-1240
2670638,1240799,2022,21,1,2,3450,2670-1240
2657318,1219755,2022,27,1,3,3450,2657-1219
2657325,1219730,2022,27,1,2,3450,2657-1219
2617893,1128337,2021,27,1,2,3450,2617-1128
2559744,1138225,2025,3,1,0,3450,2559-1138
2559620.18466926,1127739.35335862,2023,3,1,0,3450,2559-1127
2660500,1270500,2025,34,1,2,3450,2660-1270
2620378,1256711,2022,9,1,0,3450,2620-1256
2620369,1256954,2024,9,1,0,3450,2620-1256
2538478.25300482,1183335.84453464,2023,9,1,0,3450,2538-1183
2709161,1270560,2022,9,1,0,3450,2709-1270
2679299.93832725,1253899.6223803,2025,34,1,3,3450,2679-1253
2569339,1203441,2021,39,1,2,3450,2569-1203
2660500,1270500,2025,33,1,2,3450,2660-1270
2559643,1138258,2023,33,2,16,3450,2559-1138
2569168,1203049,2025,45,1,0,3450,2569-1203
2570046,1203160,2022,40,1,2,3450,2570-1203
2679299.93832725,1253899.6223803,2023,40,2,1,3450,2679-1253
2613100,1128660,2023,40,1,1,3450,2613-1128
2620451,1256988,2023,15,2,3,3450,2620-1256
2620342,1256689,2022,15,1,3,3450,2620-1256
2709582,1113424,2023,15,1,2,3450,2709-1113
2760733,1206510,2021,15,2,4,3450,2760-1206
2559901,1138263,2023,45,1,0,3450,2559-1138
2563154,1232415,2024,39,2,13,3450,2563-1232
2709500,1113500,2022,15,1,3,3450,2709-1113
2507185.76098407,1120949.64624735,2022,15,1,1,3450,2507-1120
2660500,1270500,2021,45,1,0,3450,2660-1270
2559821,1128403,2023,15,1,3,3450,2559-1128
2610045.62313111,1229799.79847376,2022,15,1,3,3450,2610-1229
2569500,1203500,2022,21,1,2,3450,2569-1203
2660500,1270500,2022,57,1,0,3450,2660-1270
2670500,1240500,2022,21,1,3,3450,2670-1240
2709421,1270980,2025,21,1,1,3450,2709-1270
2620257,1256960,2022,21,1,3,3450,2620-1256
2620220,1256151,2022,21,1,3,3450,2620-1256
2704811,1274544,2025,21,1,3,3450,2704-1274
2709500,1113500,2025,58,1,0,3450,2709-1113
2760700.1517479,1206399.80960859,2025,21,1,3,3450,2760-1206
2709628.1002368,1113293.57333526,2021,21,1,3,3450,2709-1113
2760700.1517479,1206399.80960859,2022,21,1,2,3450,2760-1206
2760700.1517479,1206399.80960859,2025,21,1,2,3450,2760-1206
2705891,1274277,2025,64,1,0,3450,2705-1274
2507500,1120500,2025,64,1,0,3450,2507-1120
2503177,1115936,2022,27,1,16,3450,2503-1115
2557725,1138198,2022,64,1,0,3450,2557-1138
2657280.17450376,1219738.48921485,2022,27,1,2,3450,2657-1219
2507208,1120532,2023,70,1,0,3450,2507-1120
2684500,1138500,2022,27,2,3,3450,2684-1138
2557491.38890435,1138847.38243465,2022,57,1,0,3450,2557-1138
2570500,1203500,2023,27,1,3,3450,2570-1203
2709603,1113339,2025,3,1,0,3450,2709-1113
2614495,1174509,2024,70,1,0,3450,2614-1174
2557491.38890435,1138847.38243464,2023,10,1,0,3450,2557-1138
2557304.38920156,1191785.47097057,2023,33,1,3,3450,2557-1191
2620345,1256953,2021,33,1,3,3450,2620-1256
2569500,1203500,2025,70,1,0,3450,2569-1203
2709500,1270500,2025,15,1,2,3450,2709-1270
2670905,1240497,2023,15,1,3,3450,2670-1240
2709623,1113304,2023,39,1,2,3450,2709-1113
2569500,1203500,2021,15,1,3,3450,2569-1203
2625609,1128677,2022,15,1,3,3450,2625-1128
2660500,1270500,2023,9,1,0,3450,2660-1270
2620357,1256952,2024,45,1,0,3450,2620-1256
2620474,1256956,2025,45,1,0,3450,2620-1256
2660500,1270500,2022,15,1,2,3450,2660-1270
2660500,1270500,2022,15,1,3,3450,2660-1270
2570170,1203129,2023,15,1,3,3450,2570-1203
2559343,1138261,2023,15,1,3,3450,2559-1138
2660500,1270500,2021,9,1,0,3450,2660-1270
2760727,1206371,2023,45,1,0,3450,2760-1206
2569500,1203500,2024,15,1,3,3450,2569-1203
2614500,1174500,2022,9,1,0,3450,2614-1174
2569500,1203500,2021,22,1,3,3450,2569-1203
2709628.1002368,1113293.57333526,2023,45,1,0,3450,2709-1113
2709500,1270500,2022,15,2,2,3450,2709-1270
2709500,1270500,2022,15,2,2,3450,2709-1270
2648576,1224680,2021,15,1,2,3450,2648-1224
2648573,1224661,2022,15,2,3,3450,2648-1224
2709569,1113334,2021,15,1,1,3450,2709-1113
2679299.93832725,1253899.6223803,2024,9,1,0,3450,2679-1253
2620256,1256959,2022,51,1,0,3450,2620-1256
2557491.38890435,1138847.38243465,2021,22,1,3,3450,2557-1138
2709500,1270500,2022,15,1,2,3450,2709-1270
2557491.38890435,1138847.38243464,2024,9,1,0,3450,2557-1138
2557584,1138435,2021,22,1,3,3450,2557-1138
2569500,1203500,2022,22,1,3,3450,2569-1203
2710098,1270997,2022,15,1,1,3450,2710-1270
2709500,1113500,2021,22,2,3,3450,2709-1113
2538478.25300482,1183335.84453464,2022,51,1,0,3450,2538-1183
2670675,1240789,2022,15,1,3,3450,2670-1240
2570500,1203500,2022,15,1,1,3450,2570-1203
2620500,1256500,2022,57,1,0,3450,2620-1256
2557518,1138745,2022,21,3,3,3450,2557-1138
2569644.55120499,1203073.27749822,2023,15,1,3,3450,2569-1203
2559620.18466926,1127739.35335862,2021,28,1,14,3450,2559-1127
2667578,1258549,2021,28,1,3,3450,2667-1258
2657313,1219758,2023,21,1,2,3450,2657-1219
2709622,1270878,2021,21,1,2,3450,2709-1270
2679770,1251803,2024,21,1,3,3450,2679-1251
2559858,1138199,2021,28,1,3,3450,2559-1138
2674101,1231616,2022,57,1,0,3450,2674-1231
2709500,1270500,2022,15,2,2,3450,2709-1270
2570500,1203500,2023,21,1,1,3450,2570-1203
2709603,1113342,2024,21,1,1,3450,2709-1113
2709686,1113682,2024,21,1,1,3450,2709-1113
2648565,1224604,2021,21,1,10,3450,2648-1224
2709579,1113332,2024,21,1,2,3450,2709-1113
2732279,1252875,2022,34,1,2,3450,2732-1252
2658000.17980127,1241199.56270431,2023,21,1,3,3450,2658-1241
2609312.57247774,1224063.78871366,2021,40,1,2,3450,2609-1224
2570668,1203000,2022,70,1,0,3450,2570-1203
2557304.38920156,1191785.47097057,2024,21,1,3,3450,2557-1191
2679299.93832725,1253899.6223803,2025,46,1,0,3450,2679-1253
2657328,1219699,2022,27,1,3,3450,2657-1219
2490905,1115681,2023,46,1,0,3450,2490-1115
2570500,1203500,2023,21,1,1,3450,2570-1203
2709628.1002368,1113293.57333526,2025,3,1,0,3450,2709-1113
2570171.55826185,1203620.27005927,2024,46,1,0,3450,2570-1203
2670807,1240872,2024,27,1,2,3450,2670-1240
2709729,1113892,2025,27,1,2,3450,2709-1113
2557844,1138145,2024,52,2,0,3450,2557-1138
2575729,1200867,2023,9,1,0,3450,2575-1200
2632083,1269524,2023,9,1,0,3450,2632-1269
2709500,1113500,2023,27,1,3,3450,2709-1113
2620451,1256943,2023,9,3,0,3450,2620-1256
2620341,1256689,2022,9,1,0,3450,2620-1256
2559996.39143369,1138313.33332478,2022,39,1,3,3450,2559-1138
2569907,1203082,2025,58,1,0,3450,2569-1203
2613225,1128470,2023,39,1,1,3450,2613-1128
2570500,1203500,2021,45,1,0,3450,2570-1203
2570500,1203500,2023,45,1,0,3450,2570-1203
2570500,1203500,2022,15,1,3,3450,2570-1203
2670500,1240500,2022,15,2,3,3450,2670-1240
2559964.39202934,1138353.33392528,2023,70,2,0,3450,2559-1138
2709723,1113625,2024,15,1,2,3450,2709-1113
2709500,1270500,2021,15,1,3,3450,2709-1270
2709628.1002368,1113293.57333526,2021,52,1,0,3450,2709-1113
2559620.18466926,1127739.35335862,2024,15,1,3,3450,2559-1127
2660500,1270500,2025,70,1,0,3450,2660-1270
2569830,1203166,2025,4,1,0,3450,2569-1203
2709500,1113500,2023,21,1,2,3450,2709-1113
2657435,1219612,2023,52,1,0,3450,2657-1219
2709594,1113266,2021,52,1,0,3450,2709-1113
2709500,1113500,2023,45,2,0,3450,2709-1113
2540869.22048315,1181909.78682461,2021,4,1,0,3450,2540-1181
2507185.76098407,1120949.64624735,2021,21,2,10,3450,2507-1120
2559620.18466926,1127739.35335862,2021,21,1,2,3450,2559-1127
2559620.18466926,1127739.35335862,2021,21,1,7,3450,2559-1127
2625609,1128569,2024,16,1,3,3450,2625-1128
2670350.07219683,1240899.55926051,2025,16,1,2,3450,2670-1240
2670350.07219683,1240899.55926051,2025,16,1,2,3450,2670-1240
2760700.1517479,1206399.80960859,2025,21,1,3,3450,2760-1206
2760704,1206261,2025,21,1,2,3450,2760-1206
2709690,1113869,2023,21,1,2,3450,2709-1113
2557304.38920155,1191785.47097057,2022,52,1,0,3450,2557-1191
2709556,1113330,2022,64,1,0,3450,2709-1113
2710500,1270500,2024,27,1,3,3450,2710-1270
2709681,1113914,2025,22,1,3,3450,2709-1113
2699985,1272174,2022,22,2,4,3450,2699-1272
2569500,1203500,2022,27,1,2,3450,2569-1203
2709157,1270618,2022,27,1,2,3450,2709-1270
2559632,1128140,2022,58,1,0,3450,2559-1128
2709470,1270949,2025,27,2,16,3450,2709-1270
2670350.07219683,1240899.55926051,2023,22,1,3,3450,2670-1240
2559917,1138174,2024,3,1,0,3450,2559-1138
2557926,1132628,2022,33,2,13,3450,2557-1132
2569644.55120499,1203073.27749823,2022,3,1,0,3450,2569-1203
2559782,1128116,2022,64,1,0,3450,2559-1128
2559465,1127745,2022,64,1,0,3450,2559-1127
2711500,1112500,2025,64,1,0,3450,2711-1112
2674093,1231756,2025,39,1,2,3450,2674-1231
2620203,1256099,2024,45,1,0,3450,2620-1256
2709500,1113500,2024,15,1,3,3450,2709-1113
2657166,1219993,2023,15,1,3,3450,2657-1219
2709500,1113500,2025,45,1,0,3450,2709-1113
2709554,1113366,2021,15,1,3,3450,2709-1113
2569644.55120499,1203073.27749822,2023,34,1,3,3450,2569-1203
2657170.17550814,1219948.4901641,2021,45,1,0,3450,2657-1219
2557553,1191922,2022,40,2,13,3450,2557-1191
2557500,1138500,2022,15,1,3,3450,2557-1138
2557519,1138314,2024,70,1,0,3450,2557-1138
2679299.93832725,1253899.6223803,2025,46,2,0,3450,2679-1253
2660501,1269772,2023,52,1,0,3450,2660-1269
2709500,1113500,2021,15,1,3,3450,2709-1113
2670350.07219683,1240899.55926051,2023,52,1,0,3450,2670-1240
2569644.55120499,1203073.27749823,2022,52,1,0,3450,2569-1203
2660007,1270210,2022,21,1,3,3450,2660-1270
2609312.57247774,1224063.78871366,2025,58,1,0,3450,2609-1224
2557663,1138217,2025,58,1,0,3450,2557-1138
2559500,1127500,2021,58,1,0,3450,2559-1127
2670500,1240500,2025,21,1,3,3450,2670-1240
2559978,1138260,2024,3,1,0,3450,2559-1138
2570500,1203500,2022,21,1,1,3450,2570-1203
2620215,1256811,2022,64,1,0,3450,2620-1256
2569827,1203278,2025,71,1,0,3450,2569-1203
2670350.07219683,1240899.55926051,2023,21,1,2,3450,2670-1240
2557491.38890435,1138847.38243465,2022,21,1,3,3450,2557-1138
2569500,1203500,2021,70,3,0,3450,2569-1203
2709847,1113952,2024,21,1,1,3450,2709-1113
2537600.53424967,1196400.90561853,2025,21,1,8,3450,2537-1196
2660500,1270500,2024,10,1,0,3450,2660-1270
2574424,1162190,2024,15,1,4,3450,2574-1162
2574417,1162210,2024,15,1,3,3450,2574-1162
2633023,1237411,2025,3,1,0,3450,2633-1237
2670350.07219683,1240899.55926052,2022,16,1,3,3450,2670-1240
2709500,1113500,2024,15,1,3,3450,2709-1113
2709500,1113500,2021,27,2,3,3450,2709-1113
2709602,1113340,2021,27,1,2,3450,2709-1113
2757084,1189849,2023,16,2,6,3450,2757-1189
2569705,1203086,2023,16,1,1,3450,2569-1203
2709500,1270500,2023,16,1,3,3450,2709-1270
2620500,1256500,2023,9,2,0,3450,2620-1256
2557710,1138239,2023,16,1,3,3450,2557-1138
2705500,1274500,2023,16,1,3,3450,2705-1274
2570523,1203816,2025,21,1,3,3450,2570-1203
2705491.19607987,1274260.38802228,2022,21,1,3,3450,2705-1274
2705491.19607987,1274260.38802228,2024,21,1,3,3450,2705-1274
2705491.19607987,1274260.38802228,2024,21,1,2,3450,2705-1274
2559160,1138407,2023,16,1,3,3450,2559-1138
2709960,1271112,2025,9,1,0,3450,2709-1271
2687775,1259062,2023,33,3,13,3450,2687-1259
2670350.07219683,1240899.55926052,2021,22,1,3,3450,2670-1240
2559732,1128161,2023,21,1,2,3450,2559-1128
2490755,1115696,2024,21,1,3,3450,2490-1115
2557598,1138322,2025,21,1,3,3450,2557-1138
2569500,1203500,2022,15,1,1,3450,2569-1203
2569500,1203500,2024,39,1,3,3450,2569-1203
2559475,1127757,2023,21,1,1,3450,2559-1127
2760761,1206523,2022,15,1,3,3450,2760-1206
2648500,1224500,2021,22,1,2,3450,2648-1224
2490226.59713488,1115528.17473354,2025,15,1,3,3450,2490-1115
2655041,1257480,2022,22,1,3,3450,2655-1257
2557491.38890435,1138847.38243464,2023,21,1,3,3450,2557-1138
2600500,1226500,2022,15,1,3,3450,2600-1226
2660500,1270500,2021,46,1,0,3450,2660-1270
2540869.22048315,1181909.78682461,2022,22,1,3,3450,2540-1181
2709992,1113895,2021,21,1,3,3450,2709-1113
2670861,1240499,2022,28,1,1,3450,2670-1240
2620251,1256953,2022,21,1,3,3450,2620-1256
2620336,1256686,2022,21,1,3,3450,2620-1256
2620391,1256963,2025,21,1,3,3450,2620-1256
2704500,1274500,2022,27,2,14,3450,2704-1274
2660500,1270500,2021,52,1,0,3450,2660-1270
2569766,1203425,2021,21,1,3,3450,2569-1203
2709810,1113968,2021,27,1,3,3450,2709-1113
2570347,1203816,2025,21,2,14,3450,2570-1203
2709713,1113282,2021,21,1,2,3450,2709-1113
2709672,1113655,2024,21,1,3,3450,2709-1113
2507236,1120481,2021,21,2,4,3450,2507-1120
2760556,1206394,2024,21,1,2,3450,2760-1206
2490654.58784414,1115221.16373579,2021,27,1,3,3450,2490-1115
2709500,1113500,2021,27,2,3,3450,2709-1113
2507500,1120500,2021,21,2,10,3450,2507-1120
2670350.07219683,1240899.55926051,2025,21,1,3,3450,2670-1240
2559864,1128389,2023,21,1,3,3450,2559-1128
2569750,1203425,2025,58,1,0,3450,2569-1203
2665765,1149964,2021,34,1,2,3450,2665-1149
2632950,1237407,2025,27,2,14,3450,2632-1237
2620230,1256937,2022,27,1,3,3450,2620-1256
2575290,1107180,2025,34,2,13,3450,2575-1107
2617529,1128415,2023,34,1,2,3450,2617-1128
2490633,1115383,2024,40,1,3,3450,2490-1115
2679299.93832725,1253899.6223803,2024,39,1,3,3450,2679-1253
2760633,1206316,2025,27,1,3,3450,2760-1206
2490564,1115353,2021,33,3,13,3450,2490-1115
2709832,1113785,2025,70,1,0,3450,2709-1113
2709500,1113500,2025,70,1,0,3450,2709-1113
2522876,1167165,2022,33,1,19,3450,2522-1167
2570500,1203500,2025,53,1,0,3450,2570-1203
2660500,1270500,2021,52,1,0,3450,2660-1270
2569500,1203500,2022,59,1,0,3450,2569-1203
2570500,1203500,2025,59,1,0,3450,2570-1203
2709628.1002368,1113293.57333526,2025,46,2,0,3450,2709-1113
2709500,1113500,2021,59,1,0,3450,2709-1113
2570171.55826185,1203620.27005927,2021,58,1,0,3450,2570-1203
2557491.38890435,1138847.38243465,2021,52,1,0,3450,2557-1138
2657328,1219703,2023,15,1,1,3450,2657-1219
2760700.1517479,1206399.80960859,2023,15,1,3,3450,2760-1206
2609312.57247774,1224063.78871366,2023,71,1,0,3450,2609-1224
2709617,1113373,2024,15,1,3,3450,2709-1113
2709686,1113456,2025,15,1,3,3450,2709-1113
2709643,1113414,2022,15,1,1,3450,2709-1113
2620500,1256500,2024,15,1,3,3450,2620-1256
2620500,1256500,2023,15,1,2,3450,2620-1256
2670508,1240763,2023,21,1,1,3450,2670-1240
2570589,1203793,2025,64,1,0,3450,2570-1203
2657322,1219720,2025,21,1,2,3450,2657-1219
2709589,1113359,2025,70,1,0,3450,2709-1113
2709878,1113884,2023,70,1,0,3450,2709-1113
2670600.07036743,1240849.55927953,2022,10,1,0,3450,2670-1240
2709500,1271500,2024,21,1,2,3450,2709-1271
2709628.1002368,1113293.57333526,2025,70,1,0,3450,2709-1113
2679500,1251500,2022,16,2,4,3450,2679-1251
2709860,1270909,2022,3,1,0,3450,2709-1270
2709500,1270500,2022,16,,1,3450,2709-1270
2559968,1138206,2025,16,1,1,3450,2559-1138
2709500,1270500,2024,10,1,0,3450,2709-1270
2709500,1270500,2023,16,2,3,3450,2709-1270
2655055,1257660,2022,16,1,3,3450,2655-1257
2708500,1270500,2023,16,1,3,3450,2708-1270
2569500,1203500,2023,16,1,3,3450,2569-1203
2658000.17980127,1241199.56270431,2025,27,2,16,3450,2658-1241
2490226.59713488,1115528.17473354,2021,10,1,0,3450,2490-1115
2657170.17550814,1219948.4901641,2023,10,1,0,3450,2657-1219
2557707,1138237,2021,10,1,0,3450,2557-1138
2657294,1219782,2025,27,1,2,3450,2657-1219
2570217,1203638,2022,15,1,3,3450,2570-1203
2709500,1113500,2025,10,1,0,3450,2709-1113
2670500,1240500,2022,27,1,2,3450,2670-1240
2575734,1200854,2025,10,1,0,3450,2575-1200
2559483.18674416,1127893.35578912,2023,15,2,4,3450,2559-1127
2570084,1203021,2022,27,1,3,3450,2570-1203
2633029,1237343,2024,10,2,0,3450,2633-1237
2655873,1257915,2023,15,1,1,3450,2655-1257
2557491.38890435,1138847.38243464,2023,10,1,0,3450,2557-1138
2710500,1270500,2021,27,1,3,3450,2710-1270
2670500,1240500,2021,15,1,3,3450,2670-1240
2704500,1274500,2023,27,1,2,3450,2704-1274
2674500,1231500,2025,15,1,1,3450,2674-1231
2559221,1138171,2025,22,1,3,3450,2559-1138
2559256,1138122,2024,22,1,3,3450,2559-1138
2709628.1002368,1113293.57333526,2025,15,1,3,3450,2709-1113
2670750.06947643,1240749.55903759,2022,15,1,3,3450,2670-1240
2559620.18466926,1127739.35335862,2023,22,1,3,3450,2559-1127
2655194,1257544,2023,22,1,3,3450,2655-1257
2490747,1115470,2023,22,1,3,3450,2490-1115
2660500,1270500,2025,34,1,2,3450,2660-1270
2620438,1256947,2025,15,1,3,3450,2620-1256
2709179,1270841,2025,15,1,3,3450,2709-1270
2709719,1113525,2024,15,1,3,3450,2709-1113
2760573,1206327,2025,15,1,1,3450,2760-1206
2709630,1113450,2023,15,1,1,3450,2709-1113
2709884,1113879,2025,15,1,3,3450,2709-1113
2507500,1120500,2021,21,2,2,3450,2507-1120
2670500,1240500,2024,40,1,3,3450,2670-1240
2540718,1181512,2022,15,1,2,3450,2540-1181
2660500,1270500,2025,40,1,3,3450,2660-1270
2709628.1002368,1113293.57333526,2022,15,1,3,3450,2709-1113
2709628.1002368,1113293.57333526,2024,15,1,3,3450,2709-1113
2507500,1120500,2021,21,1,2,3450,2507-1120
2559483.18674416,1127893.35578912,2021,21,1,2,3450,2559-1127
2569500,1203500,2021,21,1,2,3450,2569-1203
2711654,1112747,2024,34,3,16,3450,2711-1112
2490462.60499855,1115806.16573781,2022,21,1,3,3450,2490-1115
2709582,1113456,2025,21,1,3,3450,2709-1113
2711738,1112905,2022,21,1,2,3450,2711-1112
2709599,1113352,2025,46,2,0,3450,2709-1113
2540454,1181789,2025,46,1,0,3450,2540-1181
2709584,1113453,2025,46,1,0,3450,2709-1113
2674500,1231500,2024,46,1,0,3450,2674-1231
2569500,1203500,2021,21,1,2,3450,2569-1203
2679299.93832725,1253899.6223803,2023,40,1,19,3450,2679-1253
2679299.93832725,1253899.6223803,2025,40,1,3,3450,2679-1253
2709500,1113500,2023,52,1,0,3450,2709-1113
2620332,1256965,2025,21,1,3,3450,2620-1256
2559343,1138259,2021,47,1,0,3450,2559-1138
2490654.58784414,1115221.16373579,2022,21,1,3,3450,2490-1115
2620294,1256673,2022,21,1,3,3450,2620-1256
2655353,1257761,2022,21,1,3,3450,2655-1257
2570221,1203037,2021,52,1,0,3450,2570-1203
2569644.55120499,1203073.27749822,2025,47,1,0,3450,2569-1203
2705730,1274236,2025,58,1,0,3450,2705-1274
2559878,1128422,2025,59,1,0,3450,2559-1128
2670750.06947643,1240749.55903759,2022,27,1,1,3450,2670-1240
2704500,1274500,2022,27,2,14,3450,2704-1274
2569643,1203206,2024,58,1,0,3450,2569-1203
2660323,1269843,2022,58,1,0,3450,2660-1269
2660273,1269816,2022,58,1,0,3450,2660-1269
2667500,1258500,2022,27,1,3,3450,2667-1258
2705718,1274352,2025,64,1,0,3450,2705-1274
2705718,1274352,2025,64,1,0,3450,2705-1274
2570500,1203500,2022,34,1,3,3450,2570-1203
2699947,1272194,2022,27,2,16,3450,2699-1272
2610045.62313111,1229799.79847375,2024,27,1,3,3450,2610-1229
2660500,1270500,2025,40,1,3,3450,2660-1270
2620500,1256500,2024,70,1,0,3450,2620-1256
2569500,1203500,2021,34,1,2,3450,2569-1203
2538478.25300482,1183335.84453464,2023,34,2,13,3450,2538-1183
2709608,1113494,2023,46,1,0,3450,2709-1113
2559620.18466926,1127739.35335862,2024,11,1,2,3450,2559-1127
2660500,1270500,2025,40,1,3,3450,2660-1270
2709695,1113880,2024,4,1,0,3450,2709-1113
2709814,1113547,2022,16,1,3,3450,2709-1113
2538500,1183500,2021,4,1,0,3450,2538-1183
2559483.18674416,1127893.35578912,2024,52,1,0,3450,2559-1127
2709500,1113500,2022,52,2,0,3450,2709-1113
2670350.07219683,1240899.55926052,2022,16,1,3,3450,2670-1240
2569500,1203500,2025,52,1,0,3450,2569-1203
2570438,1203689,2022,46,1,0,3450,2570-1203
2709628.1002368,1113293.57333526,2025,46,1,0,3450,2709-1113
2559887.38949178,1138241.33549638,2024,10,1,0,3450,2559-1138
2490435,1115357,2024,16,1,3,3450,2490-1115
2655843,1257892,2024,16,1,3,3450,2655-1257
2490581,1115490,2025,16,1,3,3450,2490-1115
2490575,1115445,2023,16,2,4,3450,2490-1115
2490430,1115013,2024,16,1,2,3450,2490-1115
2559330,1138266,2023,52,1,0,3450,2559-1138
2559996.39143369,1138313.33332478,2024,10,1,0,3450,2559-1138
2559457,1138358,2024,16,3,3,3450,2559-1138
2620500,1256500,2022,46,1,0,3450,2620-1256
2557670,1138353,2024,16,1,3,3450,2557-1138
2569500,1203500,2022,16,1,3,3450,2569-1203
2570171.55826185,1203620.27005927,2021,58,1,0,3450,2570-1203
2660500,1270500,2022,15,1,2,3450,2660-1270
2490575,1115421,2025,22,1,2,3450,2490-1115
2670500,1240500,2023,15,1,2,3450,2670-1240
2569617,1203181,2024,15,1,1,3450,2569-1203
2557304.38920155,1191785.47097057,2021,58,1,0,3450,2557-1191
2670500,1240500,2023,15,3,6,3450,2670-1240
2760700.1517479,1206399.80960859,2024,52,1,0,3450,2760-1206
2705491.19607987,1274260.38802228,2025,64,1,0,3450,2705-1274
2540970.21604377,1181701.78400314,2021,22,1,2,3450,2540-1181
2620500,1256500,2022,58,1,0,3450,2620-1256
2559339,1138270,2024,22,1,4,3450,2559-1138
2674100.0693407,1231299.52616224,2022,15,1,2,3450,2674-1231
2557587,1138423,2022,22,1,2,3450,2557-1138
2557584,1138399,2021,22,1,3,3450,2557-1138
2711500,1112500,2023,22,1,3,3450,2711-1112
2611016,1128452,2024,28,1,2,3450,2611-1128
2611030,1128426,2024,28,1,2,3450,2611-1128
2611022,1128441,2024,28,1,1,3450,2611-1128
2611022,1128438,2024,28,1,2,3450,2611-1128
2670500,1240500,2021,28,1,3,3450,2670-1240
2570547,1203824,2022,22,1,3,3450,2570-1203
2559887.38949178,1138241.33549638,2022,22,2,4,3450,2559-1138
2611700,1128547,2021,41,1,3,3450,2611-1128
2540970.21604377,1181701.78400314,2023,41,1,3,3450,2540-1181
2657290,1219786,2025,28,1,2,3450,2657-1219
2657279,1219787,2025,28,1,2,3450,2657-1219
2657277,1219788,2025,28,1,2,3450,2657-1219
2657313,1219747,2022,28,1,2,3450,2657-1219
2538500,1183500,2024,10,2,0,3450,2538-1183
2490988,1116917,2025,47,1,0,3450,2490-1116
2559620.18466926,1127739.35335862,2023,10,1,0,3450,2559-1127
2574451,1162268,2021,15,2,6,3450,2574-1162
2620461,1256894,2023,10,2,0,3450,2620-1256
2660500,1270500,2025,10,1,0,3450,2660-1270
2570171.55826185,1203620.27005927,2024,53,1,0,3450,2570-1203
2620500,1256500,2024,10,1,0,3450,2620-1256
2670500,1240500,2021,15,2,2,3450,2670-1240
2559608,1128033,2024,15,1,3,3450,2559-1128
2569500,1203500,2025,15,1,3,3450,2569-1203
2570500,1203500,2025,15,1,3,3450,2570-1203
2557304.38920155,1191785.47097057,2021,15,2,3,3450,2557-1191
2557491.38890435,1138847.38243465,2022,15,1,3,3450,2557-1138
2709500,1270500,2025,15,1,3,3450,2709-1270
2569644.55120499,1203073.27749822,2023,40,1,3,3450,2569-1203
2620500,1256500,2023,15,1,3,3450,2620-1256
2620394,1256944,2025,15,1,3,3450,2620-1256
2620379,1256935,2022,15,1,3,3450,2620-1256
2709482,1270836,2025,15,1,2,3450,2709-1270
2648500,1224500,2022,15,1,3,3450,2648-1224
2709377,1113180,2023,46,1,0,3450,2709-1113
2709679,1113880,2023,46,2,0,3450,2709-1113
2760757,1206305,2024,15,1,1,3450,2760-1206
2709500,1270500,2021,15,3,4,3450,2709-1270
2617914.64348447,1127764.52912359,2025,15,1,1,3450,2617-1127
2709500,1113500,2025,22,1,3,3450,2709-1113
2569500,1203500,2021,52,1,0,3450,2569-1203
2620355,1256958,2023,22,1,3,3450,2620-1256
2559842,1128393,2021,11,1,3,3450,2559-1128
2620261,1256963,2022,22,1,3,3450,2620-1256
2559996.39143369,1138313.33332478,2024,52,1,0,3450,2559-1138
2674100.0693407,1231299.52616224,2021,52,1,0,3450,2674-1231
2570488,1203058,2023,52,1,0,3450,2570-1203
2490871.61497338,1116162.15102031,2023,22,1,3,3450,2490-1116
2557641,1138402,2021,22,1,1,3450,2557-1138
2631992,1129606,2021,22,1,3,3450,2631-1129
2570500,1203500,2023,22,1,1,3450,2570-1203
2670363,1240696,2025,16,1,1,3450,2670-1240
2711500,1112500,2023,22,1,3,3450,2711-1112
2570500,1203500,2022,58,1,0,3450,2570-1203
2711726,1112686,2025,22,1,2,3450,2711-1112
2670500,1240500,2023,16,1,3,3450,2670-1240
2569356,1203378,2022,58,1,0,3450,2569-1203
2559098.38997532,1138480.35081721,2024,58,1,0,3450,2559-1138
2709500,1270500,2021,16,1,2,3450,2709-1270
2709500,1270500,2021,16,1,2,3450,2709-1270
2660500,1270500,2022,16,1,3,3450,2660-1270
2679968,1253700,2024,64,1,0,3450,2679-1253
2655091,1257616,2023,16,1,3,3450,2655-1257
2613500,1128500,2023,28,2,16,3450,2613-1128
2709500,1113500,2023,64,1,0,3450,2709-1113
2709628.1002368,1113293.57333526,2021,23,2,1,3450,2709-1113
2559887.38949178,1138241.33549638,2023,70,2,0,3450,2559-1138
2559887.38949178,1138241.33549638,2023,70,2,0,3450,2559-1138
2709741,1113712,2021,23,1,5,3450,2709-1113
2670245,1240157,2021,23,1,3,3450,2670-1240
2557577,1138415,2021,23,1,3,3450,2557-1138
2609312.57247774,1224063.78871366,2022,23,1,3,3450,2609-1224
2559620.18466926,1127739.35335862,2022,23,1,2,3450,2559-1127
2557491.38890435,1138847.38243465,2021,23,1,3,3450,2557-1138
2559574,1127842,2022,34,1,3,3450,2559-1127
2557491.38890435,1138847.38243464,2025,4,1,0,3450,2557-1138
2620342,1256984,2023,34,1,2,3450,2620-1256
2711043,1112643,2022,34,2,4,3450,2711-1112
2490484,1116042,2024,34,1,1,3450,2490-1116
2620530,1256351,2023,40,1,2,3450,2620-1256
2673124,1234656,2022,29,1,3,3450,2673-1234
2557784,1138224,2021,40,1,3,3450,2557-1138
2559483.18674416,1127893.35578912,2025,46,1,0,3450,2559-1127
2569644.55120499,1203073.27749823,2022,29,1,1,3450,2569-1203
2620348,1256954,2025,46,1,0,3450,2620-1256
2557586,1138366,2021,35,2,13,3450,2557-1138
2620265,1256961,2021,52,1,0,3450,2620-1256
2557491.38890435,1138847.38243464,2024,41,1,3,3450,2557-1138
2670260.07317489,1240804.55884211,2021,47,1,0,3450,2670-1240
2557500,1138500,2023,16,1,3,3450,2557-1138
2648500,1224500,2024,16,1,3,3450,2648-1224
2679642,1253825,2024,16,2,6,3450,2679-1253
2709589,1113348,2024,16,1,1,3450,2709-1113
2709806,1113966,2025,47,1,0,3450,2709-1113
2709600,1113349,2024,16,1,1,3450,2709-1113
2570593,1203853,2022,58,1,0,3450,2570-1203
2620327,1256949,2022,58,1,0,3450,2620-1256
2648586,1224348,2024,16,1,1,3450,2648-1224
2490633,1115386,2024,53,1,0,3450,2490-1115
2660500,1270500,2022,58,1,0,3450,2660-1270
2709831,1270790,2023,16,1,3,3450,2709-1270
2709819,1270957,2023,16,1,3,3450,2709-1270
2760664,1206315,2022,58,1,0,3450,2760-1206
2713037,1138824,2024,16,1,1,3450,2713-1138
2709628.1002368,1113293.57333526,2023,59,1,0,3450,2709-1113
2657306,1219772,2023,16,2,4,3450,2657-1219
2657325,1219719,2025,16,1,2,3450,2657-1219
2490157,1115375,2023,65,2,0,3450,2490-1115
2709612,1113393,2021,65,1,0,3450,2709-1113
2490851,1116058,2023,65,1,0,3450,2490-1116
2559058,1138415,2022,64,1,0,3450,2559-1138
2490183,1115364,2021,22,1,3,3450,2490-1115
2704748,1274645,2022,22,1,3,3450,2704-1274
2570231,1203163,2024,70,1,0,3450,2570-1203
2709596,1113135,2021,70,1,0,3450,2709-1113
2704500,1274500,2022,22,2,3,3450,2704-1274
2620391,1256939,2025,4,1,0,3450,2620-1256
2709480,1113380,2025,4,1,0,3450,2709-1113
2657307,1219765,2022,28,1,3,3450,2657-1219
2614606,1174948,2025,11,1,3,3450,2614-1174
2614603,1174940,2025,11,1,3,3450,2614-1174
2709391,1113935,2025,11,1,3,3450,2709-1113
2709407,1113871,2025,11,1,3,3450,2709-1113
2559620.18466926,1127739.35335862,2023,11,1,2,3450,2559-1127
2709500,1270500,2025,28,2,12,3450,2709-1270
2611454,1128694,2025,11,1,3,3450,2611-1128
2557500,1138500,2021,10,1,0,3450,2557-1138
2490855.60212784,1115718.15437216,2021,10,1,0,3450,2490-1115
2620399,1256949,2024,10,1,0,3450,2620-1256
2490803,1115887,2024,10,1,0,3450,2490-1115
2760636,1206365,2021,10,1,0,3450,2760-1206
2760700.1517479,1206399.80960859,2021,10,1,0,3450,2760-1206
2490623,1115494,2025,17,1,2,3450,2490-1115
2490536,1115258,2025,17,1,3,3450,2490-1115
2670350.07219683,1240899.55926051,2025,17,2,4,3450,2670-1240
2632927,1237333,2024,10,1,0,3450,2632-1237
2670667,1240954,2024,16,1,3,3450,2670-1240
2657280.17450376,1219738.48921485,2023,16,2,4,3450,2657-1219
2648500,1224500,2022,17,1,3,3450,2648-1224
2569500,1203500,2024,16,1,2,3450,2569-1203
2569500,1203500,2022,17,2,1,3450,2569-1203
2620500,1256500,2024,16,2,4,3450,2620-1256
2611642,1128690,2025,34,1,13,3450,2611-1128
2709500,1270500,2025,17,4,4,3450,2709-1270
2557608,1138324,2023,16,1,3,3450,2557-1138
2709518,1270972,2024,16,1,2,3450,2709-1270
2709514,1270873,2022,16,2,3,3450,2709-1270
2660500,1270500,2024,17,1,3,3450,2660-1270
2569500,1203500,2022,23,1,1,3450,2569-1203
2710498.55781398,1270998.86415489,2023,16,6,3,3450,2710-1270
2711251,1112517,2022,16,1,3,3450,2711-1112
2760590,1206479,2025,16,1,2,3450,2760-1206
2709685,1113862,2024,16,2,4,3450,2709-1113
2705500,1274500,2023,23,1,3,3450,2705-1274
2538478.25300482,1183335.84453464,2023,16,1,3,3450,2538-1183
2538745.26286893,1183816.83985927,2023,16,1,2,3450,2538-1183
2660223,1269886,2023,23,1,1,3450,2660-1269
2557491.38890435,1138847.38243464,2023,16,1,3,3450,2557-1138
2709675,1113740,2022,40,1,3,3450,2709-1113
2613343,1128533,2024,40,1,3,3450,2613-1128
2613247,1128467,2023,40,1,1,3450,2613-1128
2613357,1128493,2024,40,1,3,3450,2613-1128
2670350.07219683,1240899.55926052,2021,22,1,2,3450,2670-1240
2660500,1270500,2024,46,1,0,3450,2660-1270
2709969,1113948,2025,23,1,3,3450,2709-1113
2557500,1138500,2022,46,1,0,3450,2557-1138
2559919.19638464,1128231.34658072,2022,22,1,3,3450,2559-1128
2557641,1138062,2023,23,1,3,3450,2557-1138
2559424,1138248,2023,23,1,2,3450,2559-1138
2559834,1138026,2024,23,1,3,3450,2559-1138
2709613,1113211,2025,46,1,0,3450,2709-1113
2709640,1113213,2024,46,1,0,3450,2709-1113
2574450,1162265,2022,22,1,10,3450,2574-1162
2704500,1274500,2022,22,1,3,3450,2704-1274
2557491.38890435,1138847.38243464,2023,22,1,3,3450,2557-1138
2670500,1240500,2023,22,1,2,3450,2670-1240
2660500,1270500,2021,52,1,0,3450,2660-1270
2709778,1113538,2023,52,1,0,3450,2709-1113
2570500,1203500,2021,52,1,0,3450,2570-1203
2557706,1138220,2021,22,1,3,3450,2557-1138
2670600.07036743,1240849.55927953,2022,29,1,2,3450,2670-1240
2620347,1256937,2023,22,1,3,3450,2620-1256
2612500,1128500,2024,29,1,2,3450,2612-1128
2670500,1240500,2022,28,1,2,3450,2670-1240
2705491.19607987,1274260.38802228,2025,58,1,0,3450,2705-1274
2705491.19607987,1274260.38802228,2025,58,1,0,3450,2705-1274
2575925,1200716,2024,28,1,16,3450,2575-1200
2760724,1206236,2024,28,1,2,3450,2760-1206
2684500,1138500,2021,35,1,3,3450,2684-1138
2670504,1240727,2021,41,1,2,3450,2670-1240
2709854,1271054,2021,34,1,2,3450,2709-1271
2657179,1219894,2023,4,1,0,3450,2657-1219
2570171.55826185,1203620.27005927,2024,47,1,0,3450,2570-1203
2570171.55826185,1203620.27005927,2024,53,1,0,3450,2570-1203
2674333,1231231,2024,40,1,3,3450,2674-1231
2674121,1231822,2024,40,1,2,3450,2674-1231
2559098.38997532,1138480.35081722,2022,46,1,0,3450,2559-1138
2709500,1113500,2025,59,2,0,3450,2709-1113
2617221,1128516,2023,10,1,0,3450,2617-1128
2569644.55120499,1203073.27749823,2022,46,1,0,3450,2569-1203
2709727,1113251,2024,46,1,0,3450,2709-1113
2660500,1270500,2024,46,1,0,3450,2660-1270
2679804,1251922,2023,10,1,3,3450,2679-1251
2709718,1270948,2025,10,1,0,3450,2709-1270
2648500,1224500,2021,10,1,0,3450,2648-1224
2490083,1115182,2023,10,1,0,3450,2490-1115
2670350.07219683,1240899.55926051,2023,52,1,0,3450,2670-1240
2660500,1269500,2023,52,1,0,3450,2660-1269
2709601,1113372,2023,16,1,3,3450,2709-1113
2709628,1113293,2023,16,1,3,3450,2709-1113
2559620.18466926,1127739.35335862,2023,16,1,2,3450,2559-1127
2710332,1270812,2023,58,1,0,3450,2710-1270
2660500,1270500,2025,16,1,3,3450,2660-1270
2705491.19607987,1274260.38802228,2025,58,1,0,3450,2705-1274
2507500,1120500,2022,58,1,0,3450,2507-1120
2709500,1113500,2023,16,1,2,3450,2709-1113
2540970.21604377,1181701.78400314,2021,5,1,0,3450,2540-1181
2709500,1270500,2021,11,3,3,3450,2709-1270
2557491.38890435,1138847.38243465,2022,58,1,0,3450,2557-1138
2670600.07036743,1240849.55927953,2022,17,2,2,3450,2670-1240
2670350.07219683,1240899.55926051,2025,17,1,3,3450,2670-1240
2673155,1234783,2022,17,1,10,3450,2673-1234
2709628.1002368,1113293.57333526,2023,16,1,3,3450,2709-1113
2709592,1113482,2023,16,1,3,3450,2709-1113
2648544,1224641,2025,16,1,3,3450,2648-1224
2490383,1115097,2025,17,1,3,3450,2490-1115
2557491.38890435,1138847.38243465,2021,17,1,3,3450,2557-1138
2680118,1251573,2025,17,1,3,3450,2680-1251
2709500,1270500,2025,17,2,3,3450,2709-1270
2709377,1270757,2023,71,1,0,3450,2709-1270
2709662,1113569,2022,22,1,1,3450,2709-1113
2569500,1203500,2025,22,1,3,3450,2569-1203
2670260.07317489,1240804.5588421,2023,23,1,3,3450,2670-1240
2709628.1002368,1113293.57333526,2022,23,1,1,3450,2709-1113
2709724,1113941,2022,23,1,2,3450,2709-1113
2711780,1112475,2023,23,1,3,3450,2711-1112
2559500,1138500,2021,4,1,0,3450,2559-1138
2557590,1138357,2021,23,1,3,3450,2557-1138
2704975,1274759,2022,22,1,3,3450,2704-1274
2557500,1138500,2023,22,1,2,3450,2557-1138
2559620.18466926,1127739.35335862,2023,4,1,0,3450,2559-1127
2574451,1162356,2025,22,1,3,3450,2574-1162
2620500,1256500,2024,10,1,0,3450,2620-1256
2658000.17980127,1241199.56270431,2023,22,1,3,3450,2658-1241
2709688,1113894,2024,22,2,4,3450,2709-1113
2670500,1240500,2023,10,1,0,3450,2670-1240
2617998,1128352,2021,29,1,2,3450,2617-1128
2609312.57247774,1224063.78871366,2022,29,1,3,3450,2609-1224
2559620.18466926,1127739.35335862,2021,29,1,2,3450,2559-1127
2620434,1256697,2022,10,1,0,3450,2620-1256
2620360,1256963,2025,10,1,0,3450,2620-1256
2620402,1256927,2023,10,1,0,3450,2620-1256
2570410,1203144,2021,10,1,0,3450,2570-1203
2657293,1219781,2022,28,1,2,3450,2657-1219
2657296,1219779,2022,28,1,3,3450,2657-1219
2657336,1219711,2022,28,1,3,3450,2657-1219
2704500,1274500,2022,10,1,0,3450,2704-1274
2557572,1138419,2021,35,1,3,3450,2557-1138
2610045.62313111,1229799.79847375,2023,10,1,0,3450,2610-1229
2559307,1138235,2023,35,1,2,3450,2559-1138
2569825,1203062,2025,28,1,2,3450,2569-1203
2679526,1252096,2023,10,1,0,3450,2679-1252
2754500,1174500,2024,41,1,16,3450,2754-1174
2490855.60212784,1115718.15437216,2021,16,1,2,3450,2490-1115
2704198,1274619,2025,28,1,3,3450,2704-1274
2709500,1113500,2023,16,1,1,3450,2709-1113
2633005,1237368,2025,16,2,3,3450,2633-1237
2660500,1270500,2025,16,1,3,3450,2660-1270
2670350.07219683,1240899.55926052,2022,16,1,3,3450,2670-1240
2670350.07219683,1240899.55926052,2022,16,1,3,3450,2670-1240
2609312.57247774,1224063.78871366,2021,47,1,0,3450,2609-1224
2620500,1256500,2023,16,1,1,3450,2620-1256
2569836,1203170,2021,47,1,0,3450,2569-1203
2660500,1270500,2025,16,1,3,3450,2660-1270
2620358,1256949,2022,16,2,4,3450,2620-1256
2620251,1256978,2024,16,1,3,3450,2620-1256
2620463,1256947,2023,16,2,4,3450,2620-1256
2709868,1271053,2022,16,1,2,3450,2709-1271
2709766,1270835,2023,16,1,3,3450,2709-1270
2709134,1270821,2023,16,1,3,3450,2709-1270
2709385,1270879,2021,16,1,3,3450,2709-1270
2709120,1270837,2023,16,1,3,3450,2709-1270
2617071.6379958,1127900.53605997,2023,16,1,2,3450,2617-1127
2760700.1517479,1206399.80960859,2021,16,1,1,3450,2760-1206
2713003,1138800,2023,34,2,14,3450,2713-1138
2710498.55781398,1270998.86415489,2023,16,1,1,3450,2710-1270
2557304.38920156,1191785.47097057,2025,16,2,6,3450,2557-1191
2710498.55781398,1270998.86415489,2023,16,2,3,3450,2710-1270
2709469,1270972,2023,16,1,2,3450,2709-1270
2620343,1256938,2024,22,1,3,3450,2620-1256
2620370,1256960,2025,22,1,3,3450,2620-1256
2620350,1256960,2021,22,1,3,3450,2620-1256
2620357,1256963,2023,22,1,3,3450,2620-1256
2613154,1128475,2022,40,1,3,3450,2613-1128
2613145,1128463,2022,40,1,3,3450,2613-1128
2613223,1128492,2023,40,1,1,3450,2613-1128
2490010.5894489,1115257.18310191,2025,40,1,2,3450,2490-1115
2557491.38890435,1138847.38243465,2022,60,1,0,3450,2557-1138
2559483.18674416,1127893.35578912,2023,22,1,3,3450,2559-1127
2570500,1203500,2021,22,1,1,3450,2570-1203
2660199,1269886,2023,60,1,0,3450,2660-1269
2620500,1256500,2022,22,2,3,3450,2620-1256
2699946,1272194,2022,22,1,3,3450,2699-1272
2670350.07219683,1240899.55926052,2021,22,1,3,3450,2670-1240
2490533,1115469,2024,22,1,2,3450,2490-1115
2660500,1270500,2025,46,1,0,3450,2660-1270
2660500,1270500,2025,46,1,0,3450,2660-1270
2569755,1203430,2021,22,1,1,3450,2569-1203
2705500,1274500,2021,22,1,2,3450,2705-1274
2557809,1138000,2025,46,1,0,3450,2557-1138
2657291,1219771,2021,46,1,0,3450,2657-1219
2657300,1219771,2021,46,2,0,3450,2657-1219
2557826,1138001,2025,22,1,1,3450,2557-1138
2704341,1274603,2022,22,1,3,3450,2704-1274
2760656,1206445,2025,22,1,2,3450,2760-1206
2679597,1253896,2025,22,1,1,3450,2679-1253
2612299.60294623,1128199.57871625,2022,22,1,1,3450,2612-1128
2709628.1002368,1113293.57333526,2022,22,1,2,3450,2709-1113
2709628.1002368,1113293.57333526,2022,22,1,2,3450,2709-1113
2709628.1002368,1113293.57333526,2022,22,1,2,3450,2709-1113
2559255,1138330,2021,22,1,3,3450,2559-1138
2631846,1129543,2023,22,1,2,3450,2631-1129
2507132.75027903,1120560.64955658,2023,22,1,2,3450,2507-1120
2609312.57247774,1224063.78871366,2022,72,1,0,3450,2609-1224
2709628.1002368,1113293.57333526,2021,53,1,0,3450,2709-1113
2569903,1203147,2025,59,1,0,3450,2569-1203
2705491.19607987,1274260.38802228,2024,28,1,1,3450,2705-1274
2557500,1138500,2024,28,1,2,3450,2557-1138
2684500,1138500,2021,28,1,14,3450,2684-1138
2557500,1138500,2021,5,2,0,3450,2557-1138
2760700.1517479,1206399.80960859,2022,28,1,2,3450,2760-1206
2660862,1269642,2024,11,1,2,3450,2660-1269
2670728,1240718,2022,11,1,3,3450,2670-1240
2559887.38949178,1138241.33549638,2022,59,1,0,3450,2559-1138
2657610,1219462,2023,59,1,0,3450,2657-1219
2709500,1270500,2025,28,2,16,3450,2709-1270
2760529,1206442,2025,28,1,2,3450,2760-1206
2760563,1206359,2022,28,1,2,3450,2760-1206
2760532,1206434,2024,28,1,3,3450,2760-1206
2557500,1138500,2021,11,1,3,3450,2557-1138
2609312.57247774,1224063.78871366,2023,11,1,2,3450,2609-1224
2609312.57247774,1224063.78871366,2022,11,1,2,3450,2609-1224
2570500,1203500,2025,34,1,2,3450,2570-1203
2660500,1270500,2022,71,1,0,3450,2660-1270
2709592,1113341,2024,71,1,0,3450,2709-1113
2670260.07317489,1240804.5588421,2024,34,1,2,3450,2670-1240
2670350.07219683,1240899.55926051,2025,17,1,1,3450,2670-1240
2710500,1270500,2023,71,1,0,3450,2710-1270
2569500,1203500,2022,71,,0,3450,2569-1203
2570500,1203500,2021,17,1,2,3450,2570-1203
2569500,1203500,2021,17,1,3,3450,2569-1203
2670500,1240500,2024,40,1,2,3450,2670-1240
2674237,1231346,2024,40,1,3,3450,2674-1231
2490630,1115510,2021,23,1,3,3450,2490-1115
2657318,1219750,2021,46,1,0,3450,2657-1219
2620323,1256944,2023,46,1,0,3450,2620-1256
2540436,1181503,2021,46,1,0,3450,2540-1181
2557491.38890435,1138847.38243465,2022,46,1,0,3450,2557-1138
2570109,1203039,2021,23,1,3,3450,2570-1203
2557500,1138500,2021,10,3,0,3450,2557-1138
2490183,1115365,2025,10,1,0,3450,2490-1115
2648694,1224612,2022,53,1,0,3450,2648-1224
2709743,1113460,2021,53,1,0,3450,2709-1113
2620087,1256814,2021,53,1,0,3450,2620-1256
2570641,1203410,2021,53,1,0,3450,2570-1203
2557566,1138673,2023,16,1,3,3450,2557-1138
2648594,1224619,2023,16,1,3,3450,2648-1224
2648582,1224691,2025,16,1,3,3450,2648-1224
2557793,1138185,2023,16,1,3,3450,2557-1138
2631298,1129415,2021,53,1,0,3450,2631-1129
2760870,1206402,2023,16,1,3,3450,2760-1206
2557378,1191609,2024,41,1,2,3450,2557-1191
2679299.93832725,1253899.6223803,2025,59,1,0,3450,2679-1253
2709500,1270500,2023,16,1,1,3450,2709-1270
2709500,1113500,2025,59,1,0,3450,2709-1113
2672750.06699532,1236199.54378739,2022,16,3,6,3450,2672-1236
2704500,1274500,2024,48,1,0,3450,2704-1274
2705500,1280500,2022,16,1,10,3450,2705-1280
2620500,1256500,2023,16,1,3,3450,2620-1256
2559431,1127730,2025,16,1,3,3450,2559-1127
2657326,1219712,2024,16,1,3,3450,2657-1219
2657327,1219706,2025,16,1,3,3450,2657-1219
2657293,1219713,2025,16,1,2,3450,2657-1219
2657341,1219688,2025,16,1,3,3450,2657-1219
2569644.55120499,1203073.27749822,2023,16,1,1,3450,2569-1203
2709827,1271059,2022,16,2,3,3450,2709-1271
2709061,1270826,2022,16,1,3,3450,2709-1270
2709603,1113348,2025,60,1,0,3450,2709-1113
2540923,1181663,2021,22,1,3,3450,2540-1181
2570290,1203099,2022,71,1,0,3450,2570-1203
2559500,1138500,2021,22,1,3,3450,2559-1138
2709500,1113500,2024,4,1,0,3450,2709-1113
2559620.18466926,1127739.35335862,2022,66,1,0,3450,2559-1127
2657299,1219760,2022,22,1,2,3450,2657-1219
2660500,1270500,2022,4,1,0,3450,2660-1270
2574359,1162459,2023,28,1,2,3450,2574-1162
2680063,1251749,2024,28,1,1,3450,2680-1251
2670750.06947644,1240749.55903759,2024,10,1,0,3450,2670-1240
2657280.17450376,1219738.48921485,2024,10,1,0,3450,2657-1219
2674076,1231747,2021,10,2,0,3450,2674-1231
2570500,1203500,2021,10,1,0,3450,2570-1203
2490579,1115320,2024,5,1,0,3450,2490-1115
2709072,1270823,2021,10,1,0,3450,2709-1270
2760594,1206424,2023,10,1,0,3450,2760-1206
2684486,1234308,2023,28,1,14,3450,2684-1234
2613226,1128635,2022,28,1,3,3450,2613-1128
2760700.1517479,1206399.80960859,2023,10,1,0,3450,2760-1206
2620435,1256913,2022,10,1,0,3450,2620-1256
2620241,1256973,2024,16,1,3,3450,2620-1256
2557500,1138500,2021,10,3,0,3450,2557-1138
2490186,1115371,2022,16,1,3,3450,2490-1115
2620215,1256938,2023,16,1,3,3450,2620-1256
2710026,1270961,2024,16,1,3,3450,2710-1270
2710069,1270902,2025,16,3,3,3450,2710-1270
2614448,1174684,2025,12,1,3,3450,2614-1174
2679500,1251500,2022,16,2,4,3450,2679-1251
2670500,1240500,2022,16,1,2,3450,2670-1240
2708961,1270779,2023,16,1,3,3450,2708-1270
2557569,1138439,2023,16,1,3,3450,2557-1138
2559594,1127888,2023,16,1,2,3450,2559-1127
2559536,1128182,2022,16,1,2,3450,2559-1128
2709628.1002368,1113293.57333526,2022,16,1,1,3450,2709-1113
2657280.17450376,1219738.48921485,2024,16,1,3,3450,2657-1219
2620500,1256500,2024,17,1,3,3450,2620-1256
2507185.76098407,1120949.64624735,2025,16,1,1,3450,2507-1120
2670260.07317489,1240804.55884211,2021,17,1,3,3450,2670-1240
2664689,1212751,2024,17,1,10,3450,2664-1212
2570500,1203500,2021,17,1,3,3450,2570-1203
2660500,1269500,2022,16,1,3,3450,2660-1269
2507500,1120500,2023,17,1,1,3450,2507-1120
2679500,1251500,2022,16,2,4,3450,2679-1251
2655500,1257500,2022,16,1,3,3450,2655-1257
2569500,1203500,2023,16,1,2,3450,2569-1203
2709500,1270500,2023,16,1,3,3450,2709-1270
2709800,1113936,2025,17,1,3,3450,2709-1113
2710498.55781398,1270998.86415489,2023,16,3,10,3450,2710-1270
2710498.55781398,1270998.86415489,2023,16,3,10,3450,2710-1270
2709111,1270798,2022,16,1,3,3450,2709-1270
2709508,1270884,2022,16,1,1,3450,2709-1270
2557624,1138430,2023,17,1,3,3450,2557-1138
2609312.57247774,1224063.78871366,2022,17,1,3,3450,2609-1224
2760544,1206398,2025,16,1,2,3450,2760-1206
2559620.18466926,1127739.35335862,2021,17,1,3,3450,2559-1127
2667439,1258521,2023,16,1,3,3450,2667-1258
2760669,1206526,2025,16,1,3,3450,2760-1206
2709414,1270942,2023,16,1,3,3450,2709-1270
2709500,1270500,2023,16,2,2,3450,2709-1270
2617071.6379958,1127900.53605997,2025,16,1,3,3450,2617-1127
2557622,1138455,2023,16,1,3,3450,2557-1138
2557467,1138431,2021,23,1,1,3450,2557-1138
2557603,1138403,2021,22,1,3,3450,2557-1138
2709628.1002368,1113293.57333526,2025,47,1,0,3450,2709-1113
2709500,1113500,2025,22,2,3,3450,2709-1113
2620260,1256937,2022,22,1,3,3450,2620-1256
2620425,1256933,2023,22,1,3,3450,2620-1256
2570114,1203740,2021,22,1,1,3450,2570-1203
2617035,1128583,2025,23,1,2,3450,2617-1128
2633010,1237368,2024,22,1,5,3450,2633-1237
2575933,1200728,2024,23,1,1,3450,2575-1200
2559996.39143369,1138313.33332478,2024,53,1,0,3450,2559-1138
2670350.07219683,1240899.55926051,2025,22,1,3,3450,2670-1240
2679299.93832725,1253899.6223803,2022,23,1,1,3450,2679-1253
2670350.07219683,1240899.55926051,2025,22,1,3,3450,2670-1240
2540637,1181617,2025,53,1,0,3450,2540-1181
2569644.55120499,1203073.27749822,2025,22,1,1,3450,2569-1203
2559500,1138500,2025,22,1,3,3450,2559-1138
2559500,1138500,2025,22,1,3,3450,2559-1138
2559465,1138385,2021,22,1,2,3450,2559-1138
2710498.55781398,1270998.86415489,2023,22,2,4,3450,2710-1270
2490654.58784414,1115221.16373579,2023,22,1,3,3450,2490-1115
2674500,1231500,2024,59,1,0,3450,2674-1231
2575690,1200460,2022,22,1,1,3450,2575-1200
2760551,1206365,2023,22,1,2,3450,2760-1206
2559887.38949178,1138241.33549638,2022,59,2,0,3450,2559-1138
2670500,1240500,2022,22,1,3,3450,2670-1240
2710500,1270500,2023,59,1,0,3450,2710-1270
2657328,1219728,2022,28,1,3,3450,2657-1219
2608453,1125940,2024,29,1,19,3450,2608-1125
2609312.57247774,1224063.78871366,2022,36,1,2,3450,2609-1224
2760850,1206398,2022,65,1,0,3450,2760-1206
2613500,1128500,2023,28,2,16,3450,2613-1128
2709353,1113856,2025,65,1,0,3450,2709-1113
2760644,1206419,2024,28,1,16,3450,2760-1206
2760524,1206435,2024,28,1,1,3450,2760-1206
2559500,1138500,2025,65,1,0,3450,2559-1138
2670260.07317489,1240804.5588421,2023,36,1,2,3450,2670-1240
2557502,1138837,2025,65,1,0,3450,2557-1138
2658147,1241060,2023,28,2,4,3450,2658-1241
2679299.93832725,1253899.6223803,2025,42,1,3,3450,2679-1253
2679299.93832725,1253899.6223803,2025,34,1,3,3450,2679-1253
2540500,1181500,2022,34,1,2,3450,2540-1181
2631662,1129816,2021,34,1,13,3450,2631-1129
2570170,1203133,2025,48,1,0,3450,2570-1203
2559500,1138500,2024,4,1,0,3450,2559-1138
2709500,1271500,2024,40,1,2,3450,2709-1271
2569685,1203098,2022,54,2,0,3450,2569-1203
2559512,1127802,2021,40,1,3,3450,2559-1127
2620305,1256682,2022,40,1,2,3450,2620-1256
2569644.55120499,1203073.27749822,2025,40,1,3,3450,2569-1203
2660219,1269903,2023,54,1,0,3450,2660-1269
2709500,1270500,2021,11,1,3,3450,2709-1270
2709500,1270500,2021,11,1,3,3450,2709-1270
2709628.1002368,1113293.57333526,2025,47,2,0,3450,2709-1113
2569792,1203421,2021,11,2,2,3450,2569-1203
2620045,1256944,2021,47,1,0,3450,2620-1256
2709672,1113817,2022,47,1,0,3450,2709-1113
2620500,1256500,2024,11,2,4,3450,2620-1256
2709500,1270500,2021,11,1,1,3450,2709-1270
2620500,1256500,2024,53,1,0,3450,2620-1256
2709658,1113867,2021,11,1,2,3450,2709-1113
2632934,1237339,2025,53,1,0,3450,2632-1237
2709628.1002368,1113293.57333526,2023,53,2,0,3450,2709-1113
2540993,1181902,2024,16,2,6,3450,2540-1181
2609312.57247774,1224063.78871366,2021,66,1,0,3450,2609-1224
2709179,1271039,2022,16,1,3,3450,2709-1271
2657258,1219803,2024,16,1,1,3450,2657-1219
2679913,1251913,2024,16,1,3,3450,2679-1251
2709599,1270958,2022,16,1,3,3450,2709-1270
2569500,1203500,2022,59,1,0,3450,2569-1203
2664846,1212785,2022,16,1,3,3450,2664-1212
2709600,1113342,2025,16,1,3,3450,2709-1113
2709838,1113843,2024,22,1,2,3450,2709-1113
2570224,1203027,2025,6,1,0,3450,2570-1203
2704500,1274500,2022,22,1,10,3450,2704-1274
2600500,1226500,2023,71,1,0,3450,2600-1226
2679717,1251828,2024,22,1,3,3450,2679-1251
2704780,1274649,2022,22,1,10,3450,2704-1274
2569500,1203500,2021,22,1,2,3450,2569-1203
2540311,1181461,2022,12,1,3,3450,2540-1181
2680108,1251491,2021,17,1,1,3450,2680-1251
2680016,1251537,2022,17,1,3,3450,2680-1251
2680016,1251518,2022,17,1,3,3450,2680-1251
2672750.06699532,1236199.54378739,2021,22,4,3,3450,2672-1236
2490810,1115286,2025,17,1,1,3450,2490-1115
2540869.22048315,1181909.78682461,2021,22,1,1,3450,2540-1181
2709500,1270500,2024,11,1,2,3450,2709-1270
2559325,1138258,2024,4,1,0,3450,2559-1138
2657382,1219647,2025,28,1,3,3450,2657-1219
2600500,1226500,2021,11,1,3,3450,2600-1226
2620500,1256500,2024,11,1,3,3450,2620-1256
2709554,1270978,2024,28,1,14,3450,2709-1270
2709673,1271026,2024,28,2,16,3450,2709-1271
2557491.38890435,1138847.38243465,2021,24,1,3,3450,2557-1138
2540500,1181500,2025,11,2,4,3450,2540-1181
2575819,1200889,2024,11,1,3,3450,2575-1200
2648500,1224500,2025,16,1,2,3450,2648-1224
2569500,1203500,2021,24,1,1,3450,2569-1203
2670260.07317489,1240804.55884211,2021,24,1,3,3450,2670-1240
2709500,1270500,2022,16,1,3,3450,2709-1270
2559964.39202934,1138353.33392528,2024,28,1,2,3450,2559-1138
2570500,1203500,2021,24,1,3,3450,2570-1203
2559720,1127907,2024,16,,1,3450,2559-1127
2709500,1270500,2022,16,2,3,3450,2709-1270
2709057,1270742,2021,16,1,3,3450,2709-1270
2709500,1270500,2025,16,3,1,3450,2709-1270
2569500,1203500,2022,16,1,3,3450,2569-1203
2620500,1256500,2022,16,1,3,3450,2620-1256
2670680,1240959,2023,16,1,3,3450,2670-1240
2620310,1256981,2023,16,1,3,3450,2620-1256
2705302,1274274,2023,16,1,3,3450,2705-1274
2648709,1224909,2021,35,1,1,3450,2648-1224
2672009,1237765,2022,16,1,2,3450,2672-1237
2559728,1138210,2025,24,1,3,3450,2559-1138
2559453,1138366,2021,24,1,2,3450,2559-1138
2569644.55120499,1203073.27749823,2022,16,1,3,3450,2569-1203
2709500,1113500,2021,16,1,3,3450,2709-1113
2709500,1270500,2021,16,3,3,3450,2709-1270
2670500,1240500,2022,16,1,3,3450,2670-1240
2670500,1240500,2025,16,1,3,3450,2670-1240
2709397,1270887,2022,16,1,3,3450,2709-1270
2709322,1270917,2022,16,1,2,3450,2709-1270
2760590,1206491,2023,16,1,3,3450,2760-1206
2610045.62313111,1229799.79847376,2021,16,1,3,3450,2610-1229
2709628.1002368,1113293.57333526,2023,16,1,2,3450,2709-1113
2670350.07219683,1240899.55926052,2022,16,1,3,3450,2670-1240
2710498.55781398,1270998.8641549,2021,16,1,3,3450,2710-1270
2490499.58161841,1115003.16989736,2025,16,2,4,3450,2490-1115
2490645,1116164,2024,30,1,3,3450,2490-1116
2684510,1138889,2021,16,1,3,3450,2684-1138
2708361,1270504,2022,16,1,2,3450,2708-1270
2709307,1270856,2022,16,1,3,3450,2709-1270
2709463,1270797,2022,16,1,1,3450,2709-1270
2708361,1270504,2022,16,1,2,3450,2708-1270
2670500,1240500,2024,16,1,3,3450,2670-1240
2679500,1251500,2022,16,1,3,3450,2679-1251
2559397,1138293,2024,16,1,1,3450,2559-1138
2709500,1270500,2021,16,2,3,3450,2709-1270
2569920,1203107,2024,41,1,3,3450,2569-1203
2651281,1251520,2024,30,1,3,3450,2651-1251
2699534,1272279,2025,22,1,3,3450,2699-1272
2660500,1270500,2022,22,1,3,3450,2660-1270
2709599,1113341,2025,47,2,0,3450,2709-1113
2709599,1113343,2025,47,2,0,3450,2709-1113
2620500,1256500,2024,22,1,3,3450,2620-1256
2620376,1256916,2022,22,1,3,3450,2620-1256
2620374,1256943,2023,22,1,3,3450,2620-1256
2570500,1203500,2025,36,1,2,3450,2570-1203
2490654.58784414,1115221.16373579,2022,22,1,3,3450,2490-1115
2557101.39207629,1191909.47535809,2022,22,1,3,3450,2557-1191
2569391,1203302,2025,53,1,0,3450,2569-1203
2507241,1120498,2021,22,1,4,3450,2507-1120
2709500,1271500,2021,22,1,3,3450,2709-1271
2705628,1274192,2025,53,1,0,3450,2705-1274
2569500,1203500,2021,59,1,0,3450,2569-1203
2557587,1138415,2021,28,1,3,3450,2557-1138
2490010.5894489,1115257.18310191,2022,59,1,0,3450,2490-1115
2620264,1256945,2022,28,1,3,3450,2620-1256
2709458,1270944,2022,28,1,14,3450,2709-1270
2760550,1206457,2024,28,1,3,3450,2760-1206
2570549,1203001,2022,60,1,0,3450,2570-1203
2611317,1128737,2024,60,1,0,3450,2611-1128
2612744.61223504,1128810.57362858,2021,35,1,1,3450,2612-1128
2557658,1138394,2023,66,1,0,3450,2557-1138
2570642,1203766,2024,41,1,2,3450,2570-1203
2559319,1138310,2023,41,1,2,3450,2559-1138
2540303,1181534,2024,72,1,0,3450,2540-1181
2570500,1203500,2025,72,1,0,3450,2570-1203
2570334,1203018,2021,11,1,3,3450,2570-1203
2557491.38890435,1138847.38243464,2024,72,1,0,3450,2557-1138
2559330,1138238,2023,47,1,0,3450,2559-1138
2570500,1203500,2025,47,1,0,3450,2570-1203
2490897,1115659,2022,47,1,0,3450,2490-1115
2709628.1002368,1113293.57333526,2025,47,1,0,3450,2709-1113
2709628.1002368,1113293.57333526,2025,47,2,0,3450,2709-1113
2570500,1203500,2021,47,1,0,3450,2570-1203
2557500,1138500,2021,11,1,2,3450,2557-1138
2705491.19607987,1274260.38802228,2025,53,1,0,3450,2705-1274
2570500,1203500,2021,47,1,0,3450,2570-1203
2559483.18674416,1127893.35578912,2024,53,1,0,3450,2559-1127
2620246,1256676,2023,47,1,0,3450,2620-1256
2620409,1256953,2023,47,1,0,3450,2620-1256
2490888,1115805,2022,47,1,0,3450,2490-1115
2620236,1256936,2022,47,1,0,3450,2620-1256
2620268,1256973,2022,53,1,0,3450,2620-1256
2679994,1251543,2022,16,1,3,3450,2679-1251
2648608,1224685,2021,16,1,3,3450,2648-1224
2709701,1113240,2025,16,1,3,3450,2709-1113
2709500,1113500,2024,16,1,1,3450,2709-1113
2648500,1224500,2022,12,1,3,3450,2648-1224
2672750.06699532,1236199.54378739,2021,16,2,3,3450,2672-1236
2570171.55826185,1203620.27005927,2025,59,1,0,3450,2570-1203
2557491.38890435,1138847.38243465,2022,12,1,3,3450,2557-1138
2569644.55120499,1203073.27749822,2024,59,1,0,3450,2569-1203
2620500,1256500,2024,59,1,0,3450,2620-1256
2557570,1138383,2022,18,1,3,3450,2557-1138
2557500,1138500,2025,16,1,3,3450,2557-1138
2660500,1270500,2024,18,1,3,3450,2660-1270
2557631,1138446,2024,23,1,1,3450,2557-1138
2709660,1113241,2021,59,2,0,3450,2709-1113
2680054,1251423,2021,23,1,1,3450,2680-1251
2570500,1203500,2021,23,1,3,3450,2570-1203
2617233,1128060,2025,24,1,2,3450,2617-1128
2648738,1224606,2021,23,1,1,3450,2648-1224
2617209,1128081,2025,24,1,3,3450,2617-1128
2507321,1120430,2025,24,1,3,3450,2507-1120
2559147,1138406,2023,24,1,2,3450,2559-1138
2709500,1113500,2021,65,1,0,3450,2709-1113
2570171.55826185,1203620.27005927,2024,71,1,0,3450,2570-1203
2613089,1128692,2023,23,1,3,3450,2613-1128
2614500,1174500,2024,24,1,2,3450,2614-1174
2490276.61483729,1116140.16922533,2025,71,1,0,3450,2490-1116
2620472,1256753,2022,71,1,0,3450,2620-1256
2670350.07219683,1240899.55926052,2021,24,1,3,3450,2670-1240
2557500,1138500,2025,23,2,3,3450,2557-1138
2557608,1138438,2023,24,1,5,3450,2557-1138
2570500,1203500,2021,23,1,3,3450,2570-1203
2557500,1138500,2025,23,2,3,3450,2557-1138
2557500,1138500,2025,23,2,3,3450,2557-1138
2709500,1113500,2022,23,1,2,3450,2709-1113
2620349,1256973,2025,5,1,0,3450,2620-1256
2620222,1256960,2024,5,1,0,3450,2620-1256
2709875,1271074,2023,23,2,2,3450,2709-1271
2557252,1191746,2023,30,1,3,3450,2557-1191
2651500,1251500,2023,11,1,3,3450,2651-1251
2559483.18674416,1127893.35578912,2021,11,1,3,3450,2559-1127
2559483.18674416,1127893.35578912,2021,11,1,3,3450,2559-1127
2651402,1251629,2025,30,2,16,3450,2651-1251
2614500,1174500,2025,11,1,3,3450,2614-1174
2490950,1116805,2023,30,3,19,3450,2490-1116
2490964,1116785,2023,30,1,2,3450,2490-1116
2709500,1113500,2021,11,1,2,3450,2709-1113
2620390,1256877,2023,11,1,2,3450,2620-1256
2620371,1256929,2023,11,2,6,3450,2620-1256
2710498.55781398,1270998.86415489,2023,11,2,2,3450,2710-1270
2569644.55120499,1203073.27749823,2022,29,1,3,3450,2569-1203
2709615,1113326,2021,16,1,3,3450,2709-1113
2709584,1113296,2023,11,1,3,3450,2709-1113
2657428,1219632,2025,29,1,3,3450,2657-1219
2614500,1174500,2025,11,1,3,3450,2614-1174
2490146,1115299,2023,36,1,3,3450,2490-1115
2610045.62313111,1229799.79847376,2021,11,1,3,3450,2610-1229
2610045.62313111,1229799.79847376,2021,11,1,2,3450,2610-1229
2507500,1120500,2025,16,1,3,3450,2507-1120
2557500,1138500,2022,16,1,3,3450,2557-1138
2574462,1162252,2021,16,1,3,3450,2574-1162
2760700.1517479,1206399.80960859,2022,16,1,2,3450,2760-1206
2559887.38949178,1138241.33549638,2022,35,1,3,3450,2559-1138
2670750.06947644,1240749.55903759,2023,16,1,2,3450,2670-1240
2559500,1138500,2023,36,1,3,3450,2559-1138
2709500,1113500,2025,35,1,2,3450,2709-1113
2710498.55781398,1270998.8641549,2021,16,1,2,3450,2710-1270
2710498.55781398,1270998.8641549,2021,16,1,2,3450,2710-1270
2679597,1252113,2021,16,1,3,3450,2679-1252
2557491.38890435,1138847.38243464,2024,16,1,3,3450,2557-1138
2709644,1113542,2025,41,1,3,3450,2709-1113
2709601,1113331,2025,48,2,0,3450,2709-1113
2709701,1113240,2025,16,1,3,3450,2709-1113
2709600,1113340,2025,47,1,0,3450,2709-1113
2557586,1138628,2022,16,2,3,3450,2557-1138
2670860,1240755,2023,23,1,2,3450,2670-1240
2709687,1113608,2025,47,1,0,3450,2709-1113
2709671,1113197,2024,47,1,0,3450,2709-1113
2709611,1113345,2024,47,2,0,3450,2709-1113
2710203,1270953,2025,23,1,3,3450,2710-1270
2570342,1203782,2024,53,1,0,3450,2570-1203
2709641,1113196,2025,60,1,0,3450,2709-1113
2679299.93832725,1253899.6223803,2024,60,1,0,3450,2679-1253
2709548,1113958,2025,60,1,0,3450,2709-1113
2660500,1270500,2023,23,1,2,3450,2660-1270
2559892,1138168,2021,60,2,0,3450,2559-1138
2709628.1002368,1113293.57333526,2021,23,2,1,3450,2709-1113
2570500,1203500,2021,23,1,3,3450,2570-1203
2620406,1256949,2022,23,1,3,3450,2620-1256
2569500,1203500,2021,59,1,0,3450,2569-1203
2760771,1206311,2023,23,1,3,3450,2760-1206
2760633,1206314,2021,23,1,2,3450,2760-1206
2760761,1206299,2021,23,1,1,3450,2760-1206
2559446,1127932,2025,29,1,3,3450,2559-1127
2557500,1138500,2021,73,1,0,3450,2557-1138
2570500,1203500,2021,65,1,0,3450,2570-1203
2574463,1162242,2021,29,2,14,3450,2574-1162
2557594,1138515,2023,6,3,0,3450,2557-1138
2760700.1517479,1206399.80960859,2022,29,1,1,3450,2760-1206
2611500,1128500,2024,29,1,3,3450,2611-1128
2670674,1240790,2022,12,1,3,3450,2670-1240
2617712,1128393,2022,12,1,2,3450,2617-1128
2557500,1138500,2023,18,1,3,3450,2557-1138
2490751,1115480,2022,18,1,3,3450,2490-1115
2655559,1257735,2022,18,1,3,3450,2655-1257
2620381,1256941,2021,35,1,2,3450,2620-1256
2620356,1256966,2023,41,1,3,3450,2620-1256
2570563,1203808,2021,18,1,3,3450,2570-1203
2569525.56262002,1203696.28167077,2021,18,1,1,3450,2569-1203
2609312.57247774,1224063.78871366,2025,18,1,3,3450,2609-1224
2709674,1113911,2024,11,1,1,3450,2709-1113
2709628.1002368,1113293.57333526,2025,41,1,3,3450,2709-1113
2709628.1002368,1113293.57333526,2025,41,1,3,3450,2709-1113
2709500,1113500,2023,47,1,0,3450,2709-1113
2557500,1138500,2023,11,1,2,3450,2557-1138
2620377,1256941,2024,47,1,0,3450,2620-1256
2620412,1256951,2023,47,1,0,3450,2620-1256
2710500,1270500,2025,11,1,2,3450,2710-1270
2709628.1002368,1113293.57333526,2025,47,1,0,3450,2709-1113
2557500,1138500,2022,53,1,0,3450,2557-1138
2679299.93832725,1253899.6223803,2024,53,1,0,3450,2679-1253
2569810,1203158,2025,53,1,0,3450,2569-1203
2557585,1138457,2022,18,1,3,3450,2557-1138
2709500,1113500,2025,47,1,0,3450,2709-1113
2569367,1203421,2022,17,1,3,3450,2569-1203
2709712,1113878,2025,47,1,0,3450,2709-1113
2679929,1251689,2022,17,1,3,3450,2679-1251
2657185,1219891,2025,17,1,2,3450,2657-1219
2620349,1256967,2024,53,1,0,3450,2620-1256
2569500,1203500,2022,17,2,3,3450,2569-1203
2660500,1270500,2025,24,1,2,3450,2660-1270
2705695,1274219,2025,53,1,0,3450,2705-1274
2570500,1203500,2024,17,2,3,3450,2570-1203
2709628.1002368,1113293.57333526,2021,53,3,0,3450,2709-1113
2705491.19607987,1274260.38802228,2025,53,1,0,3450,2705-1274
2709499,1270499,2025,17,4,4,3450,2709-1270
2570305,1203813,2024,17,1,2,3450,2570-1203
2709082,1270830,2025,17,2,1,3450,2709-1270
2557491.38890435,1138847.38243465,2022,53,1,0,3450,2557-1138
2670750.06947643,1240749.55903759,2021,24,1,2,3450,2670-1240
2676880,1242846,2024,17,2,10,3450,2676-1242
2660500,1270500,2024,17,1,3,3450,2660-1270
2569644.55120499,1203073.27749823,2022,65,1,0,3450,2569-1203
2648766,1224739,2022,17,1,3,3450,2648-1224
2709601,1113341,2022,17,1,1,3450,2709-1113
2559505,1138263,2024,59,1,0,3450,2559-1138
2757032,1189836,2023,30,2,14,3450,2757-1189
2490871.61497338,1116162.15102031,2023,65,1,0,3450,2490-1116
2670500,1240500,2022,30,1,2,3450,2670-1240
2760700.1517479,1206399.80960859,2023,65,1,0,3450,2760-1206
2507309,1120454,2023,65,1,0,3450,2507-1120
2670750.06947643,1240749.55903759,2021,30,1,1,3450,2670-1240
2711135,1112727,2025,23,1,3,3450,2711-1112
2711824,1112587,2025,23,1,3,3450,2711-1112
2711266,1112662,2025,23,1,2,3450,2711-1112
2569500,1203500,2021,71,1,0,3450,2569-1203
2709657,1270375,2022,23,1,2,3450,2709-1270
2490464,1115555,2022,36,1,2,3450,2490-1115
2570500,1203500,2022,23,1,3,3450,2570-1203
2559500,1138500,2024,23,1,3,3450,2559-1138
2569500,1203500,2021,23,1,3,3450,2569-1203
2507500,1120500,2021,23,2,6,3450,2507-1120
2648613,1224414,2021,23,1,3,3450,2648-1224
2648563,1224698,2021,23,1,12,3450,2648-1224
2557519,1138371,2024,23,1,3,3450,2557-1138
2614724,1174359,2021,23,1,3,3450,2614-1174
2570171.55826185,1203620.27005927,2023,11,1,3,3450,2570-1203
2709500,1113500,2023,48,1,0,3450,2709-1113
2507488,1120442,2021,23,1,2,3450,2507-1120
2507486,1120407,2021,23,1,1,3450,2507-1120
2709692,1113328,2021,23,1,2,3450,2709-1113
2620500,1256500,2021,48,1,0,3450,2620-1256
2709380,1270938,2022,29,1,2,3450,2709-1270
2540872,1181693,2024,29,1,19,3450,2540-1181
2557491.38890435,1138847.38243464,2025,48,1,0,3450,2557-1138
2679299.93832725,1253899.6223803,2025,48,1,0,3450,2679-1253
2660500,1270500,2023,11,3,4,3450,2660-1270
2709380,1270938,2022,29,1,2,3450,2709-1270
2620439,1256943,2025,11,1,3,3450,2620-1256
2570171.55826185,1203620.27005927,2023,17,1,3,3450,2570-1203
2620337,1256834,2025,17,1,3,3450,2620-1256
2620364,1256966,2025,17,1,3,3450,2620-1256
2657336,1219702,2023,17,1,3,3450,2657-1219
2670811,1240820,2022,17,1,3,3450,2670-1240
2570500,1203500,2022,17,1,3,3450,2570-1203
2709500,1270500,2023,61,1,0,3450,2709-1270
2709500,1113500,2021,17,1,3,3450,2709-1113
2557491.38890435,1138847.38243464,2025,61,1,0,3450,2557-1138
2670500,1240500,2021,17,1,3,3450,2670-1240
2679674,1252208,2023,17,1,1,3450,2679-1252
2660500,1270500,2024,17,1,3,3450,2660-1270
2709712,1113705,2025,17,1,3,3450,2709-1113
2709756,1113658,2023,17,2,3,3450,2709-1113
2670678,1240867,2025,17,1,3,3450,2670-1240
2667831,1258663,2024,17,1,2,3450,2667-1258
2709186,1270779,2025,17,2,3,3450,2709-1270
2570285,1203789,2024,17,1,3,3450,2570-1203
2760788,1206344,2023,17,1,2,3450,2760-1206
2760659,1206337,2024,17,1,3,3450,2760-1206
2760639,1206366,2024,17,1,2,3450,2760-1206
2709422,1271023,2025,17,1,3,3450,2709-1271
2760738,1206310,2023,17,1,3,3450,2760-1206
2760551,1206486,2022,17,1,3,3450,2760-1206
2710500,1270500,2023,41,1,1,3450,2710-1270
2569644.55120499,1203073.27749823,2022,41,1,1,3450,2569-1203
2540970,1181701,2021,23,1,1,3450,2540-1181
2709500,1113500,2025,73,1,0,3450,2709-1113
2490647,1115781,2022,23,1,3,3450,2490-1115
2620321,1256956,2022,23,1,3,3450,2620-1256
2711500,1112500,2021,23,1,1,3450,2711-1112
2709900,1113839,2025,47,1,0,3450,2709-1113
2559098.38997532,1138480.35081722,2022,47,1,0,3450,2559-1138
2507185.76098407,1120949.64624735,2021,23,2,6,3450,2507-1120
2569500,1203500,2022,47,2,0,3450,2569-1203
2490606,1116099,2025,6,1,0,3450,2490-1116
2490531,1116014,2025,6,1,0,3450,2490-1116
2664886,1212838,2022,47,1,0,3450,2664-1212
2760700.1517479,1206399.80960859,2023,23,1,3,3450,2760-1206
2760700.1517479,1206399.80960859,2023,23,2,3,3450,2760-1206
2760700.1517479,1206399.80960859,2023,23,1,3,3450,2760-1206
2657272,1219786,2021,53,1,0,3450,2657-1219
2657327,1219778,2021,53,1,0,3450,2657-1219
2538478.25300482,1183335.84453464,2023,23,1,1,3450,2538-1183
2709422,1270961,2022,23,1,3,3450,2709-1270
2557512,1138418,2021,18,1,3,3450,2557-1138
2670500,1240500,2024,18,1,2,3450,2670-1240
2670861,1240732,2022,29,1,2,3450,2670-1240
2670827,1240804,2022,29,1,2,3450,2670-1240
2679790,1252161,2023,29,3,14,3450,2679-1252
2574471,1162266,2021,29,1,14,3450,2574-1162
2620500,1256500,2023,59,2,0,3450,2620-1256
2709361,1270901,2023,59,1,0,3450,2709-1270
2507500,1120500,2021,18,1,3,3450,2507-1120
2709500,1270500,2022,18,1,1,3450,2709-1270
2709600,1113338,2025,18,2,3,3450,2709-1113
2709588,1113485,2025,18,1,3,3450,2709-1113
2711310,1112682,2025,18,1,3,3450,2711-1112
2610045.62313111,1229799.79847376,2021,29,1,16,3450,2610-1229
2557491.38890435,1138847.38243465,2021,18,1,2,3450,2557-1138
2559483.18674416,1127893.35578912,2022,24,1,2,3450,2559-1127
2705491.19607987,1274260.38802228,2024,41,1,2,3450,2705-1274
2559799,1138288,2021,47,1,0,3450,2559-1138
2620081,1256356,2021,41,1,3,3450,2620-1256
2490715,1115362,2023,30,1,13,3450,2490-1115
2557500,1138500,2022,11,1,3,3450,2557-1138
2648604,1224690,2021,11,1,3,3450,2648-1224
2490929,1116835,2024,30,1,3,3450,2490-1116
2613402,1128580,2023,30,1,3,3450,2613-1128
2709624,1113378,2025,47,2,0,3450,2709-1113
2709568,1270812,2022,47,2,0,3450,2709-1270
2620282,1256951,2022,47,1,0,3450,2620-1256
2570500,1203500,2021,11,1,3,3450,2570-1203
2657280.17450376,1219738.48921485,2021,53,1,0,3450,2657-1219
2665071,1149795,2025,36,1,2,3450,2665-1149
2709950,1113532,2024,17,1,1,3450,2709-1113
2709836,1113814,2024,17,1,1,3450,2709-1113
2709816,1113644,2025,17,1,1,3450,2709-1113
2709677,1113654,2025,17,1,2,3450,2709-1113
2709717,1113247,2024,17,1,1,3450,2709-1113
2709582,1113353,2024,17,2,2,3450,2709-1113
2709581,1113429,2024,17,2,3,3450,2709-1113
2557559,1191856,2024,42,1,2,3450,2557-1191
2557389,1191798,2024,42,1,2,3450,2557-1191
2760715,1206479,2025,53,1,0,3450,2760-1206
2620361,1256945,2024,53,1,0,3450,2620-1256
2557491.38890435,1138847.38243465,2022,53,1,0,3450,2557-1138
2709500,1270500,2025,17,2,3,3450,2709-1270
2611632.60229465,1128681.58440776,2022,59,1,0,3450,2611-1128
2557617,1138426,2024,49,1,0,3450,2557-1138
2614413,1174647,2025,49,1,0,3450,2614-1174
2557491.38890435,1138847.38243464,2025,72,1,0,3450,2557-1138
2760224,1262248,2022,66,1,0,3450,2760-1262
2679830,1251922,2021,17,1,3,3450,2679-1251
2679728,1251770,2025,17,1,1,3450,2679-1251
2709835,1113853,2024,23,1,1,3450,2709-1113
2672750.06699532,1236199.54378739,2022,23,1,3,3450,2672-1236
2672000.06920908,1237399.54763419,2021,23,1,2,3450,2672-1237
2538500,1183500,2021,5,1,0,3450,2538-1183
2709500,1113500,2022,23,1,1,3450,2709-1113
2658000.17980127,1241199.56270431,2023,23,1,3,3450,2658-1241
2569828,1203231,2025,67,1,0,3450,2569-1203
2570006,1203077,2025,67,1,0,3450,2570-1203
2709428,1270974,2025,23,2,7,3450,2709-1270
2570414,1203820,2023,11,1,1,3450,2570-1203
2620244,1256975,2024,5,1,0,3450,2620-1256
2709628.1002368,1113293.57333526,2022,5,2,0,3450,2709-1113
2709572,1113404,2025,5,2,0,3450,2709-1113
2575854,1200936,2021,5,1,0,3450,2575-1200
2617998,1128352,2021,29,1,2,3450,2617-1128
2600500,1226500,2022,11,1,3,3450,2600-1226
2507185.76098407,1120949.64624735,2024,11,1,2,3450,2507-1120
2760500,1206500,2024,17,1,1,3450,2760-1206
2620277,1256677,2023,11,2,4,3450,2620-1256
2709628.1002368,1113293.57333526,2021,6,1,0,3450,2709-1113
2620392,1256938,2023,11,1,3,3450,2620-1256
2620245,1256677,2024,11,1,3,3450,2620-1256
2760094,1262475,2024,11,1,1,3450,2760-1262
2490100,1115215,2023,11,1,3,3450,2490-1115
2670750.06947644,1240749.55903759,2024,11,1,1,3450,2670-1240
2657331,1219708,2022,29,1,3,3450,2657-1219
2657306,1219766,2022,29,1,2,3450,2657-1219
2657293,1219786,2022,29,1,3,3450,2657-1219
2658000.17980127,1241199.56270432,2021,29,1,2,3450,2658-1241
2709500,1270500,2025,17,1,2,3450,2709-1270
2709845,1113844,2024,17,1,3,3450,2709-1113
2557491.38890435,1138847.38243465,2022,17,1,3,3450,2557-1138
2709500,1270500,2025,17,2,3,3450,2709-1270
2709500,1270500,2025,17,2,3,3450,2709-1270
2710498.55781398,1270998.8641549,2021,17,2,2,3450,2710-1270
2709500,1270500,2025,17,2,3,3450,2709-1270
2709470,1270944,2024,18,1,2,3450,2709-1270
2570826,1203595,2023,35,1,14,3450,2570-1203
2557491.38890435,1138847.38243465,2021,18,1,3,3450,2557-1138
2557500,1138500,2023,18,1,2,3450,2557-1138
2648500,1224500,2025,17,1,3,3450,2648-1224
2557500,1138500,2021,17,1,3,3450,2557-1138
2709500,1270500,2025,17,2,3,3450,2709-1270
2709871,1113686,2025,17,1,3,3450,2709-1113
2709500,1270500,2025,17,2,3,3450,2709-1270
2658005,1241140,2025,17,1,3,3450,2658-1241
2709497,1270962,2024,17,1,3,3450,2709-1270
2507266,1120808,2025,17,1,3,3450,2507-1120
2709560,1270982,2024,17,1,1,3450,2709-1270
2709462,1270962,2024,17,1,10,3450,2709-1270
2709803,1270897,2023,17,1,2,3450,2709-1270
2557637,1138436,2021,18,1,2,3450,2557-1138
2569672,1203103,2021,18,2,4,3450,2569-1203
2670500,1240500,2021,17,1,3,3450,2670-1240
2617914.64348447,1127764.52912359,2025,17,1,1,3450,2617-1127
2507274,1120582,2025,24,1,3,3450,2507-1120
2709940,1113987,2021,23,1,3,3450,2709-1113
2557491.38890435,1138847.38243465,2021,24,1,3,3450,2557-1138
2609312.57247774,1224063.78871366,2021,24,1,2,3450,2609-1224
2632421,1269314,2021,23,1,12,3450,2632-1269
2709671,1113894,2022,24,1,3,3450,2709-1113
2673100.06918855,1234299.53682581,2024,23,1,1,3450,2673-1234
2709255.09726616,1113898.56641664,2022,23,1,1,3450,2709-1113
2709628.1002368,1113293.57333526,2021,60,2,0,3450,2709-1113
2574474,1162255,2021,29,1,14,3450,2574-1162
2570171.55826185,1203620.27005927,2025,24,1,3,3450,2570-1203
2760587,1206335,2025,23,1,3,3450,2760-1206
2709695,1113541,2022,23,1,3,3450,2709-1113
2709628.1002368,1113293.57333526,2022,23,1,1,3450,2709-1113
2760700.1517479,1206399.80960859,2023,23,1,3,3450,2760-1206
2491465,1114896,2022,30,1,13,3450,2491-1114
2709661,1113237,2022,60,1,0,3450,2709-1113
2709500,1113500,2021,60,1,0,3450,2709-1113
2559500,1127500,2022,35,1,3,3450,2559-1127
2612744.61223504,1128810.57362858,2024,29,1,2,3450,2612-1128
2657338,1219696,2022,29,1,3,3450,2657-1219
2760560,1206470,2025,29,1,2,3450,2760-1206
2557756,1138384,2025,43,1,3,3450,2557-1138
2557756,1138384,2025,43,1,3,3450,2557-1138
2570500,1203500,2025,43,1,3,3450,2570-1203
2570500,1203500,2025,41,1,3,3450,2570-1203
2709500,1113500,2023,49,1,0,3450,2709-1113
2570171.55826185,1203620.27005927,2024,47,1,0,3450,2570-1203
2709817,1113910,2022,47,1,0,3450,2709-1113
2709604,1113346,2023,47,1,0,3450,2709-1113
2709598,1113336,2025,41,1,3,3450,2709-1113
2557500,1138500,2021,5,2,0,3450,2557-1138
2570500,1203500,2024,41,1,3,3450,2570-1203
2490500,1115500,2025,49,1,0,3450,2490-1115
2570171.55826185,1203620.27005927,2024,49,2,0,3450,2570-1203
2569644.55120499,1203073.27749823,2022,47,1,0,3450,2569-1203
2600500,1226500,2021,55,1,0,3450,2600-1226
2709672,1113839,2022,5,1,0,3450,2709-1113
2709500,1270500,2024,11,3,3,3450,2709-1270
2570171.55826185,1203620.27005927,2025,61,2,0,3450,2570-1203
2557491.38890435,1138847.38243464,2025,54,1,0,3450,2557-1138
2507500,1120500,2021,11,1,2,3450,2507-1120
2711500,1112500,2022,61,1,0,3450,2711-1112
2569500,1203500,2023,11,1,1,3450,2569-1203
2709500,1270500,2024,11,3,3,3450,2709-1270
2709628.1002368,1113293.57333526,2023,11,1,3,3450,2709-1113
2709500,1270500,2024,11,3,3,3450,2709-1270
2507232,1120550,2024,61,1,0,3450,2507-1120
2704797,1274637,2023,11,1,3,3450,2704-1274
2657280.17450376,1219738.48921485,2021,47,1,0,3450,2657-1219
2711500,1112500,2022,61,1,0,3450,2711-1112
2660145,1269879,2025,61,1,0,3450,2660-1269
2537500.54102066,1196700.90893379,2025,61,1,0,3450,2537-1196
2709500,1270500,2024,11,3,3,3450,2709-1270
2709628.1002368,1113293.57333526,2025,47,2,0,3450,2709-1113
2569500,1203500,2023,11,1,3,3450,2569-1203
2709499,1113357,2021,11,1,3,3450,2709-1113
2614500,1174500,2025,67,1,0,3450,2614-1174
2540936,1181647,2024,11,2,3,3450,2540-1181
2620263,1256962,2022,54,1,0,3450,2620-1256
2657298,1219698,2022,17,1,3,3450,2657-1219
2620500,1256500,2023,54,1,0,3450,2620-1256
2648583,1224671,2021,17,1,3,3450,2648-1224
2709612,1113361,2021,60,1,0,3450,2709-1113
2709810,1113994,2021,60,1,0,3450,2709-1113
2709628.1002368,1113293.57333526,2021,60,1,0,3450,2709-1113
2709628.1002368,1113293.57333526,2022,60,1,0,3450,2709-1113
2648780,1224798,2021,17,1,3,3450,2648-1224
2709628.1002368,1113293.57333526,2021,60,1,0,3450,2709-1113
2557547,1138462,2022,17,2,3,3450,2557-1138
2491115,1114915,2023,7,1,0,3450,2491-1114
2559782,1138106,2025,72,1,0,3450,2559-1138
2628036,1128529,2021,72,1,0,3450,2628-1128
2569500,1203500,2021,23,2,3,3450,2569-1203
2670500,1240500,2021,18,1,3,3450,2670-1240
2490179,1115368,2022,18,1,3,3450,2490-1115
2570171.55826185,1203620.27005927,2021,18,1,3,3450,2570-1203
2559198,1138380,2024,5,1,0,3450,2559-1138
2710500,1270500,2024,23,1,3,3450,2710-1270
2672750.06699532,1236199.54378739,2022,23,1,3,3450,2672-1236
2570362,1203828,2025,23,1,2,3450,2570-1203
2679299.93832725,1253899.6223803,2022,18,1,3,3450,2679-1253
2709500,1270500,2024,11,3,3,3450,2709-1270
2559620.18466926,1127739.35335862,2024,5,1,0,3450,2559-1127
2709602,1113341,2022,23,1,1,3450,2709-1113
2711500,1112500,2021,23,1,3,3450,2711-1112
2557491.38890435,1138847.38243464,2025,11,1,3,3450,2557-1138
2557443,1191824,2025,43,1,1,3450,2557-1191
2617012,1127399,2021,11,1,3,3450,2617-1127
2670811,1240890,2023,11,1,10,3450,2670-1240
2670675,1240783,2023,11,1,2,3450,2670-1240
2670698,1240786,2022,11,1,3,3450,2670-1240
2657322,1219235,2024,29,1,2,3450,2657-1219
2710411,1270760,2021,11,1,2,3450,2710-1270
2709220,1270843,2024,11,2,2,3450,2709-1270
2709500,1270500,2024,11,3,3,3450,2709-1270
2705392,1274214,2023,11,1,3,3450,2705-1274
2620410,1256959,2024,11,1,3,3450,2620-1256
2709500,1113500,2025,17,1,3,3450,2709-1113
2745582,1258583,2021,11,1,1,3450,2745-1258
2490855.60212784,1115718.15437216,2021,11,1,1,3450,2490-1115
2540500,1181500,2021,17,1,3,3450,2540-1181
2620299,1256887,2022,17,1,3,3450,2620-1256
2709601,1113349,2025,17,1,1,3450,2709-1113
2620423,1256933,2024,17,1,3,3450,2620-1256
2507500,1120500,2021,17,1,2,3450,2507-1120
2710498.55781398,1270998.8641549,2022,17,2,2,3450,2710-1270
2710498.55781398,1270998.8641549,2022,17,2,2,3450,2710-1270
2559874,1138237,2021,73,1,0,3450,2559-1138
2557598,1138372,2021,35,1,3,3450,2557-1138
2620232,1256687,2022,17,1,3,3450,2620-1256
2709814,1113920,2025,23,1,2,3450,2709-1113
2709500,1113500,2024,73,1,0,3450,2709-1113
2670774,1240992,2021,23,2,3,3450,2670-1240
2760700.1517479,1206399.80960859,2023,17,1,2,3450,2760-1206
2537600.53424967,1196400.90561853,2025,35,2,13,3450,2537-1196
2617071.6379958,1127900.53605997,2023,17,1,3,3450,2617-1127
2760700.1517479,1206399.80960859,2023,17,1,3,3450,2760-1206
2569644.55120499,1203073.27749822,2025,23,1,3,3450,2569-1203
2670676,1240981,2025,17,1,3,3450,2670-1240
2559541,1127836,2022,23,3,1,3450,2559-1127
2559354,1127682,2021,23,2,3,3450,2559-1127
2657280.17450376,1219738.48921485,2022,17,1,2,3450,2657-1219
2557491.38890435,1138847.38243464,2025,41,1,3,3450,2557-1138
2570500,1203500,2024,48,1,0,3450,2570-1203
2709500,1113500,2025,17,1,3,3450,2709-1113
2709703,1113575,2025,17,1,1,3450,2709-1113
2760507,1206262,2023,17,1,3,3450,2760-1206
2709554,1113374,2025,48,1,0,3450,2709-1113
2709687,1113613,2022,23,1,3,3450,2709-1113
2709593,1113475,2021,23,1,3,3450,2709-1113
2711535,1112644,2024,23,1,3,3450,2711-1112
2674093,1231756,2023,23,1,2,3450,2674-1231
2569500,1203500,2022,23,1,1,3450,2569-1203
2711500,1112500,2021,23,1,3,3450,2711-1112
2559475,1127757,2022,23,1,3,3450,2559-1127
2709500,1113500,2025,23,1,3,3450,2709-1113
2570500,1203500,2021,23,3,3,3450,2570-1203
2628500,1128500,2022,29,2,16,3450,2628-1128
2559756,1128387,2021,23,1,3,3450,2559-1128
2559651,1127884,2021,23,2,4,3450,2559-1127
2745583,1258583,2021,23,1,4,3450,2745-1258
2710500,1270500,2025,23,1,3,3450,2710-1270
2709597,1113373,2025,60,1,0,3450,2709-1113
2760599,1206384,2023,29,1,2,3450,2760-1206
2760665,1206493,2024,29,3,19,3450,2760-1206
2507500,1120500,2021,29,1,2,3450,2507-1120
2710423,1270951,2022,35,2,2,3450,2710-1270
2570069,1203021,2025,5,1,0,3450,2570-1203
2620387,1256982,2025,35,1,2,3450,2620-1256
2760500,1262500,2023,35,1,3,3450,2760-1262
2674087,1231726,2025,35,1,3,3450,2674-1231
2559711,1128148,2022,54,1,0,3450,2559-1128
2760650,1206438,2024,41,1,2,3450,2760-1206
2610045.62313111,1229799.79847376,2021,41,1,2,3450,2610-1229
2570560,1203898,2023,54,1,0,3450,2570-1203
2710500,1270500,2024,12,1,3,3450,2710-1270
2540981,1181898,2021,48,1,0,3450,2540-1181
2569692,1203341,2025,54,1,0,3450,2569-1203
2559520.19250041,1128173.3545577,2022,54,2,0,3450,2559-1128
2569857.55231118,1203193.27414935,2025,54,1,0,3450,2569-1203
2557500,1138500,2021,12,1,3,3450,2557-1138
2569644.55120499,1203073.27749822,2025,54,2,0,3450,2569-1203
2620312,1256970,2024,54,2,0,3450,2620-1256
2620240,1256959,2023,54,1,0,3450,2620-1256
2648500,1224500,2022,17,2,3,3450,2648-1224
2709907,1113343,2025,17,1,3,3450,2709-1113
2709672,1113475,2024,17,1,3,3450,2709-1113
2620500,1256500,2022,17,2,3,3450,2620-1256
2557500,1138500,2025,17,1,3,3450,2557-1138
2569500,1203500,2021,17,1,3,3450,2569-1203
2709500,1113500,2022,23,1,2,3450,2709-1113
2569747,1203430,2022,12,1,3,3450,2569-1203
2670841,1240798,2025,12,1,2,3450,2670-1240
2569500,1203500,2021,23,1,3,3450,2569-1203
2648675,1224920,2021,23,1,1,3450,2648-1224
2709770,1270937,2025,12,1,2,3450,2709-1270
2710498.55781398,1270998.8641549,2021,12,2,3,3450,2710-1270
2679609,1252085,2024,12,1,3,3450,2679-1252
2710498.55781398,1270998.8641549,2022,12,3,3,3450,2710-1270
2710500,1270500,2021,72,1,0,3450,2710-1270
2711156,1112571,2022,23,1,2,3450,2711-1112
2711423,1112549,2022,23,1,3,3450,2711-1112
2710025,1270967,2024,17,1,3,3450,2710-1270
2709500,1113500,2021,23,1,1,3450,2709-1113
2674100.0693407,1231299.52616224,2024,23,1,2,3450,2674-1231
2613327,1128635,2024,29,1,2,3450,2613-1128
2570273,1203158,2024,17,1,3,3450,2570-1203
2709627,1113236,2025,5,1,0,3450,2709-1113
2620404,1256939,2023,12,1,3,3450,2620-1256
2670500,1240500,2023,17,1,2,3450,2670-1240
2557525,1138753,2023,17,1,3,3450,2557-1138
2672750.06699532,1236199.54378739,2021,29,1,2,3450,2672-1236
2575827,1200858,2021,12,1,3,3450,2575-1200
2760746,1206302,2021,12,1,3,3450,2760-1206
2670500,1240500,2021,17,1,1,3450,2670-1240
2760700.1517479,1206399.80960859,2021,12,1,3,3450,2760-1206
2569644.55120499,1203073.27749823,2021,23,1,1,3450,2569-1203
2620500,1256500,2022,12,1,3,3450,2620-1256
2570500,1203500,2021,23,1,3,3450,2570-1203
2655905,1257956,2021,23,1,10,3450,2655-1257
2620241,1256662,2022,17,1,3,3450,2620-1256
2620260,1256948,2023,17,1,3,3450,2620-1256
2705500,1274500,2021,17,1,2,3450,2705-1274
2709766,1270919,2023,17,1,3,3450,2709-1270
2709508,1270974,2022,17,1,3,3450,2709-1270
2617683.64241498,1127853.5309292,2023,17,1,1,3450,2617-1127
2760700.1517479,1206399.80960859,2021,17,1,2,3450,2760-1206
2760700.1517479,1206399.80960859,2022,17,2,2,3450,2760-1206
2617071.6379958,1127900.53605997,2025,17,2,6,3450,2617-1127
2670350.07219683,1240899.55926052,2021,17,1,3,3450,2670-1240
2670350.07219683,1240899.55926052,2021,17,1,3,3450,2670-1240
2670750.06947644,1240749.55903759,2024,17,1,2,3450,2670-1240
2670804,1240602,2021,17,1,3,3450,2670-1240
2574470,1162247,2024,29,2,14,3450,2574-1162
2570500,1203500,2022,42,2,3,3450,2570-1203
2557500,1138500,2024,48,1,0,3450,2557-1138
2538478.25300482,1183335.84453464,2021,17,1,2,3450,2538-1183
2557491.38890435,1138847.38243465,2021,48,1,0,3450,2557-1138
2570599,1203753,2022,48,1,0,3450,2570-1203
2559620.18466926,1127739.35335862,2023,23,1,3,3450,2559-1127
2620330,1256949,2021,23,1,3,3450,2620-1256
2490578,1115690,2023,23,1,3,3450,2490-1115
2490310,1115476,2024,36,2,2,3450,2490-1115
2631573,1129549,2023,36,1,3,3450,2631-1129
2709628.1002368,1113293.57333526,2022,54,1,0,3450,2709-1113
2711318,1112691,2021,23,1,3,3450,2711-1112
2760731,1206326,2025,23,1,2,3450,2760-1206
2704117,1274568,2025,23,1,2,3450,2704-1274
2709618,1113310,2022,54,1,0,3450,2709-1113
2709628,1113293,2022,54,2,0,3450,2709-1113
2670230,1240765,2024,23,1,1,3450,2670-1240
2559887.38949178,1138241.33549638,2024,60,1,0,3450,2559-1138
2490871.61497338,1116162.15102031,2024,48,1,0,3450,2490-1116
2559887.38949178,1138241.33549638,2024,66,1,0,3450,2559-1138
2628500,1128500,2022,29,2,16,3450,2628-1128
2684500,1138500,2021,29,1,7,3450,2684-1138
2660500,1270500,2023,54,1,0,3450,2660-1270
2660500,1270500,2021,54,1,0,3450,2660-1270
2709500,1113500,2024,54,2,0,3450,2709-1113
2620406,1256941,2023,36,1,2,3450,2620-1256
2620194,1256709,2022,36,1,3,3450,2620-1256
2490880,1116344,2024,36,1,2,3450,2490-1116
2709500,1113500,2022,60,1,0,3450,2709-1113
2709763,1270821,2025,6,1,0,3450,2709-1270
2684628,1138169,2025,60,1,0,3450,2684-1138
2704926,1274440,2023,12,1,2,3450,2704-1274
2540310.07049916,1181730.47437203,2024,12,1,3,3450,2540-1181
2620253,1256941,2022,48,1,0,3450,2620-1256
2660500,1270500,2021,17,1,3,3450,2660-1270
2507500,1120500,2021,17,1,3,3450,2507-1120
2704158,1274795,2022,17,1,2,3450,2704-1274
2575998,1200794,2022,17,1,2,3450,2575-1200
2570125,1203730,2024,17,1,3,3450,2570-1203
2617071.6379958,1127900.53605998,2022,54,1,0,3450,2617-1127
2660500,1270500,2024,17,2,3,3450,2660-1270
2633361,1237658,2025,54,1,0,3450,2633-1237
2648647,1224620,2022,17,1,3,3450,2648-1224
2709555,1113729,2025,60,1,0,3450,2709-1113
2570500,1203500,2021,17,2,4,3450,2570-1203
2705491.19607987,1274260.38802228,2021,12,2,2,3450,2705-1274
2620356,1256949,2024,60,1,0,3450,2620-1256
2570500,1203500,2023,24,1,3,3450,2570-1203
2670899,1240657,2023,12,1,3,3450,2670-1240
2559339,1127752,2021,12,1,3,3450,2559-1127
2559483.18674416,1127893.35578912,2021,12,1,3,3450,2559-1127
2559887.38949178,1138241.33549638,2025,24,1,3,3450,2559-1138
2569500,1203500,2022,17,1,3,3450,2569-1203
2557500,1138500,2021,24,1,1,3450,2557-1138
2709909,1113913,2025,17,1,3,3450,2709-1113
2620256,1256668,2024,6,1,0,3450,2620-1256
2620239,1256971,2024,6,1,0,3450,2620-1256
2710498.55781398,1270998.8641549,2022,17,1,3,3450,2710-1270
2705873,1274019,2022,30,1,2,3450,2705-1274
2670500,1240500,2022,30,1,3,3450,2670-1240
2673000.07040606,1234049.53576146,2021,30,1,1,3450,2673-1234
2672750.06699532,1236199.54378739,2022,30,3,19,3450,2672-1236
2709461,1270947,2022,30,1,7,3450,2709-1270
2709454,1270978,2022,30,1,7,3450,2709-1270
2705491.19607987,1274260.38802228,2022,12,1,3,3450,2705-1274
2620399,1256925,2022,12,1,3,3450,2620-1256
2655027,1257430,2023,30,1,1,3450,2655-1257
2684534,1138965,2023,30,1,2,3450,2684-1138
2684534,1138965,2023,30,1,2,3450,2684-1138
2660500,1270500,2024,12,1,3,3450,2660-1270
2559400,1138274,2023,24,1,3,3450,2559-1138
2620306,1256678,2022,17,1,3,3450,2620-1256
2620393,1256932,2022,17,1,3,3450,2620-1256
2610045.62313111,1229799.79847375,2023,17,2,3,3450,2610-1229
2760700.1517479,1206399.80960859,2022,17,1,3,3450,2760-1206
2709628.1002368,1113293.57333526,2021,17,1,2,3450,2709-1113
2559787,1128126,2025,17,1,2,3450,2559-1128
2660500,1270500,2024,17,2,3,3450,2660-1270
2660500,1270500,2022,17,1,1,3450,2660-1270
2684571,1138940,2024,36,1,2,3450,2684-1138
2684732,1138098,2024,36,1,2,3450,2684-1138
2620500,1256500,2024,17,1,3,3450,2620-1256
2709599,1113349,2024,17,1,2,3450,2709-1113
2575747,1200995,2022,17,1,2,3450,2575-1200
2559966,1138234,2023,24,1,2,3450,2559-1138
2709500,1113500,2025,17,1,3,3450,2709-1113
2709734,1271288,2022,17,1,3,3450,2709-1271
2674500,1231500,2024,42,1,2,3450,2674-1231
2632976,1237346,2024,17,2,5,3450,2632-1237
2660500,1270500,2024,17,2,3,3450,2660-1270
2490462.60499855,1115806.16573781,2021,17,1,1,3450,2490-1115
2569500,1203500,2025,24,1,3,3450,2569-1203
2620343,1256947,2023,24,1,3,3450,2620-1256
2620377,1256941,2021,24,1,3,3450,2620-1256
2620482,1256828,2023,24,2,4,3450,2620-1256
2569500,1203500,2025,54,1,0,3450,2569-1203
2600714,1197272,2024,30,2,14,3450,2600-1197
2569500,1203500,2023,54,1,0,3450,2569-1203
2559500,1128500,2021,24,1,3,3450,2559-1128
2569893,1203250,2023,54,1,0,3450,2569-1203
2570466,1203051,2021,24,1,3,3450,2570-1203
2679299.93832725,1253899.6223803,2024,42,1,3,3450,2679-1253
2709699,1113242,2025,60,1,0,3450,2709-1113
2569735,1203082,2022,60,1,0,3450,2569-1203
2620359,1256950,2021,30,1,3,3450,2620-1256
2620370,1256940,2024,30,1,2,3450,2620-1256
2709705,1113583,2022,66,2,0,3450,2709-1113
2570171.55826185,1203620.27005927,2022,48,1,0,3450,2570-1203
2570155,1203695,2023,54,1,0,3450,2570-1203
2660500,1270500,2023,54,1,0,3450,2660-1270
2709703,1113615,2025,72,1,0,3450,2709-1113
2570500,1203500,2024,6,1,0,3450,2570-1203
2709500,1113500,2021,60,1,0,3450,2709-1113
2754500,1174500,2024,42,2,19,3450,2754-1174
2570171.55826185,1203620.27005927,2024,66,1,0,3450,2570-1203
2657280.17450376,1219738.48921485,2021,42,1,1,3450,2657-1219
2657280.17450376,1219738.48921485,2024,42,1,2,3450,2657-1219
2569500,1203500,2021,48,1,0,3450,2569-1203
2657352,1219679,2024,48,1,0,3450,2657-1219
2709628.1002368,1113293.57333526,2025,48,1,0,3450,2709-1113
2709962,1270978,2022,12,1,3,3450,2709-1270
2620500,1256500,2023,48,2,0,3450,2620-1256
2660500,1270500,2021,12,1,3,3450,2660-1270
2620500,1256500,2021,12,1,3,3450,2620-1256
2679730,1251762,2024,12,1,3,3450,2679-1251
2660500,1270500,2021,12,1,3,3450,2660-1270
2557500,1138500,2021,12,2,4,3450,2557-1138
2490855.60212784,1115718.15437216,2022,54,1,0,3450,2490-1115
2709674,1113572,2022,18,1,1,3450,2709-1113
2709788,1113674,2023,18,1,1,3450,2709-1113
2709740,1113763,2021,18,1,3,3450,2709-1113
2709603,1113342,2022,60,1,0,3450,2709-1113
2658000.17980127,1241199.56270431,2025,18,1,3,3450,2658-1241
2570155,1203081,2022,18,1,3,3450,2570-1203
2570386,1203002,2022,18,1,3,3450,2570-1203
2679500,1251500,2021,18,1,1,3450,2679-1251
2705491.19607987,1274260.38802228,2023,6,1,0,3450,2705-1274
2711282,1112682,2023,18,1,3,3450,2711-1112
2670668,1240907,2024,6,1,0,3450,2670-1240
2705079,1274380,2022,18,1,3,3450,2705-1274
2709557,1113255,2022,66,1,0,3450,2709-1113
2658008,1241144,2025,66,1,0,3450,2658-1241
2569644.55120499,1203073.27749823,2022,12,1,3,3450,2569-1203
2709500,1113500,2021,12,1,2,3450,2709-1113
2710500,1270500,2022,12,1,3,3450,2710-1270
2559996.39143369,1138313.33332478,2021,18,1,3,3450,2559-1138
2709628.1002368,1113293.57333526,2021,24,1,3,3450,2709-1113
2490500,1115500,2023,24,1,3,3450,2490-1115
2709695,1113604,2022,18,1,3,3450,2709-1113
2617251,1128048,2025,24,1,1,3450,2617-1128
2760556,1206477,2023,72,1,0,3450,2760-1206
2557491.38890435,1138847.38243465,2021,18,1,2,3450,2557-1138
2559500,1138500,2022,18,2,1,3450,2559-1138
2670500,1240500,2022,24,1,3,3450,2670-1240
2709500,1113500,2024,24,1,3,3450,2709-1113
2679788,1251909,2024,24,1,3,3450,2679-1251
2559483.18674416,1127893.35578912,2022,18,2,1,3450,2559-1127
2709500,1113500,2025,18,1,3,3450,2709-1113
2570500,1203500,2021,24,1,3,3450,2570-1203
2613040,1128784,2024,30,1,1,3450,2613-1128
2559526,1138319,2022,18,2,1,3450,2559-1138
2569729,1203416,2021,18,1,2,3450,2569-1203
2709904,1113911,2025,24,2,1,3450,2709-1113
2620500,1256500,2024,12,1,3,3450,2620-1256
2760700.1517479,1206399.80960859,2021,12,2,3,3450,2760-1206
2709410,1270912,2022,12,1,3,3450,2709-1270
2648500,1224500,2022,12,1,3,3450,2648-1224
2657271,1219797,2022,30,3,19,3450,2657-1219
2709445,1270932,2021,30,1,2,3450,2709-1270
2657808,1219255,2025,30,1,2,3450,2657-1219
2670260.07317489,1240804.55884211,2021,12,2,3,3450,2670-1240
2709694,1270889,2025,18,1,3,3450,2709-1270
2709423,1270959,2022,18,1,1,3450,2709-1270
2557585,1138390,2022,18,1,3,3450,2557-1138
2610045.62313111,1229799.79847376,2022,18,1,3,3450,2610-1229
2612603,1128645,2022,42,1,2,3450,2612-1128
2709513,1271100,2025,18,1,3,3450,2709-1271
2705601,1274441,2022,18,1,3,3450,2705-1274
2709670,1113656,2023,48,1,0,3450,2709-1113
2570500,1203500,2022,48,1,0,3450,2570-1203
2600500,1226500,2021,24,2,4,3450,2600-1226
2620346,1256953,2023,24,1,3,3450,2620-1256
2620358,1256948,2021,24,1,3,3450,2620-1256
2620347,1256970,2025,24,1,3,3450,2620-1256
2709500,1113500,2024,54,1,0,3450,2709-1113
2570349,1203005,2023,54,1,0,3450,2570-1203
2559721,1128343,2021,24,1,3,3450,2559-1128
2559483.18674416,1127893.35578912,2022,42,1,3,3450,2559-1127
2632989,1237378,2024,24,1,2,3450,2632-1237
2557491.38890435,1138847.38243465,2022,60,2,0,3450,2557-1138
2760596,1206489,2025,30,1,2,3450,2760-1206
2760642,1206547,2023,30,1,2,3450,2760-1206
2760563,1206489,2023,30,1,3,3450,2760-1206
2710430,1270929,2022,48,1,0,3450,2710-1270
2709450,1270934,2022,30,2,16,3450,2709-1270
2674500,1231500,2024,48,1,0,3450,2674-1231
2559500,1127500,2022,67,1,0,3450,2559-1127
2628896,1128354,2025,54,1,0,3450,2628-1128
2709768,1113516,2024,73,1,0,3450,2709-1113
2709752,1270984,2023,73,1,0,3450,2709-1270
2711002,1112506,2025,42,1,3,3450,2711-1112
2709628.1002368,1113293.57333526,2024,42,1,3,3450,2709-1113
2709628.1002368,1113293.57333526,2023,42,1,2,3450,2709-1113
2705500,1280500,2022,73,1,0,3450,2705-1280
2657358,1219645,2023,12,1,3,3450,2657-1219
2620228,1256964,2022,48,1,0,3450,2620-1256
2709628.1002368,1113293.57333526,2025,48,2,0,3450,2709-1113
2657280.17450376,1219738.48921485,2024,48,1,0,3450,2657-1219
2709628.1002368,1113293.57333526,2025,48,1,0,3450,2709-1113
2540970.21604377,1181701.78400314,2022,12,1,2,3450,2540-1181
2760700.1517479,1206399.80960859,2024,54,1,0,3450,2760-1206
2570500,1203500,2021,18,1,6,3450,2570-1203
2709628.1002368,1113293.57333526,2023,18,2,6,3450,2709-1113
2709565,1113426,2023,18,1,3,3450,2709-1113
2557796,1138008,2021,18,1,3,3450,2557-1138
2559500,1127500,2021,18,1,2,3450,2559-1127
2507243,1120620,2025,18,1,3,3450,2507-1120
2570500,1203500,2021,18,2,3,3450,2570-1203
2570500,1203500,2021,18,2,3,3450,2570-1203
2709500,1113500,2023,18,1,3,3450,2709-1113
2670597,1240708,2025,12,1,1,3450,2670-1240
2670597,1240708,2025,12,1,1,3450,2670-1240
2570309,1203054,2024,18,1,1,3450,2570-1203
2679735,1253897,2023,18,1,2,3450,2679-1253
2569500,1203500,2023,18,1,3,3450,2569-1203
2537600.53424967,1196400.90561853,2025,18,1,3,3450,2537-1196
2709628.1002368,1113293.57333526,2021,24,1,2,3450,2709-1113
2673000.07040606,1234049.53576146,2021,24,1,2,3450,2673-1234
2705491.19607987,1274260.38802228,2022,12,1,2,3450,2705-1274
2660500,1270500,2025,24,1,2,3450,2660-1270
2710498.55781398,1270998.86415489,2023,12,1,3,3450,2710-1270
2711059,1112540,2022,73,1,0,3450,2711-1112
2709832,1113690,2023,24,1,3,3450,2709-1113
2709569,1113379,2021,24,1,2,3450,2709-1113
2569500,1203500,2023,18,1,3,3450,2569-1203
2559240,1128302,2022,18,1,3,3450,2559-1128
2559520,1127957,2022,18,1,3,3450,2559-1127
2710498.55781398,1270998.86415489,2023,18,1,3,3450,2710-1270
2673000.07040606,1234049.53576146,2021,30,1,2,3450,2673-1234
2575677,1200644,2025,18,1,2,3450,2575-1200
2709469,1270930,2024,30,1,3,3450,2709-1270
2685501,1270769,2022,6,1,0,3450,2685-1270
2613404,1128555,2023,30,1,2,3450,2613-1128
2710099,1270978,2025,24,1,1,3450,2710-1270
2745582,1258583,2021,12,1,1,3450,2745-1258
2760805,1206127,2021,12,1,3,3450,2760-1206
2620363,1256950,2025,12,1,3,3450,2620-1256
2620430,1256926,2022,12,2,6,3450,2620-1256
2620373,1256684,2022,12,1,2,3450,2620-1256
2620385,1256948,2021,12,1,3,3450,2620-1256
2610045.62313111,1229799.79847375,2024,12,1,3,3450,2610-1229
2490905,1115816,2022,36,1,2,3450,2490-1115
2570500,1203500,2025,36,1,1,3450,2570-1203
2559483.18674416,1127893.35578912,2023,24,1,3,3450,2559-1127
2632820,1237406,2025,12,1,3,3450,2632-1237
2559690,1127918,2021,24,2,7,3450,2559-1127
2670500,1240500,2021,24,1,3,3450,2670-1240
2760745,1206301,2025,18,1,3,3450,2760-1206
2760745,1206301,2025,18,1,3,3450,2760-1206
2705491.19607987,1274260.38802228,2022,24,1,2,3450,2705-1274
2709604,1113325,2022,48,1,0,3450,2709-1113
2708958,1270811,2023,18,1,3,3450,2708-1270
2620455,1256793,2025,18,1,2,3450,2620-1256
2620265,1256656,2025,18,1,3,3450,2620-1256
2620320,1256962,2023,18,1,3,3450,2620-1256
2620375,1256950,2025,18,1,3,3450,2620-1256
2557500,1138500,2025,18,1,3,3450,2557-1138
2617071.6379958,1127900.53605998,2022,18,2,6,3450,2617-1127
2610045.62313111,1229799.79847376,2021,18,1,2,3450,2610-1229
2559483.18674416,1127893.35578912,2023,30,1,3,3450,2559-1127
2709605,1113364,2024,55,1,0,3450,2709-1113
2709604,1113445,2023,55,1,0,3450,2709-1113
2614608,1174195,2024,30,1,14,3450,2614-1174
2490549,1115351,2022,18,1,3,3450,2490-1115
2709599,1113340,2023,61,1,0,3450,2709-1113
2614696,1174287,2024,24,1,2,3450,2614-1174
2709628.1002368,1113293.57333526,2021,24,1,2,3450,2709-1113
2617071.6379958,1127900.53605998,2022,24,1,3,3450,2617-1127
2760700.1517479,1206399.80960859,2025,24,1,1,3450,2760-1206
2710500,1270500,2022,24,1,7,3450,2710-1270
2557491.38890435,1138847.38243465,2021,48,1,0,3450,2557-1138
2710498.55781398,1270998.8641549,2022,48,1,0,3450,2710-1270
2709500,1113500,2025,73,1,0,3450,2709-1113
2648766,1224653,2022,73,1,0,3450,2648-1224
2620406,1256931,2025,30,1,3,3450,2620-1256
2620330,1256968,2022,30,1,3,3450,2620-1256
2660500,1270500,2024,30,1,3,3450,2660-1270
2709500,1270500,2023,61,1,0,3450,2709-1270
2559311,1138305,2025,6,1,0,3450,2559-1138
2559967,1138187,2025,61,1,0,3450,2559-1138
2559173,1138201,2021,61,1,0,3450,2559-1138
2559500,1138500,2023,61,1,0,3450,2559-1138
2569500,1203500,2024,61,1,0,3450,2569-1203
2620469,1256759,2021,36,1,2,3450,2620-1256
2648500,1224500,2021,36,1,2,3450,2648-1224
2614500,1174500,2023,18,1,3,3450,2614-1174
2709529,1270828,2025,18,1,3,3450,2709-1270
2709061,1270757,2024,18,1,3,3450,2709-1270
2745573,1258552,2024,42,1,1,3450,2745-1258
2540302,1181485,2021,42,1,3,3450,2540-1181
2709500,1113500,2025,18,2,3,3450,2709-1113
2679500,1251500,2021,18,2,4,3450,2679-1251
2710173,1270471,2022,73,1,0,3450,2710-1270
2620305,1256682,2023,42,1,2,3450,2620-1256
2685807,1270358,2024,18,1,10,3450,2685-1270
2490010.5894489,1115257.18310191,2022,42,1,1,3450,2490-1115
2557627,1138429,2022,18,1,1,3450,2557-1138
2709564,1113417,2024,18,1,2,3450,2709-1113
2664673,1212772,2021,18,1,3,3450,2664-1212
2664646,1212778,2021,18,1,3,3450,2664-1212
2709571,1113402,2024,18,1,3,3450,2709-1113
2559788,1128014,2022,73,1,0,3450,2559-1128
2709628.1002368,1113293.57333526,2025,48,1,0,3450,2709-1113
2709500,1113500,2022,73,1,0,3450,2709-1113
2670500,1240500,2023,18,1,3,3450,2670-1240
2657288,1219729,2025,18,1,2,3450,2657-1219
2657342,1219693,2025,18,1,2,3450,2657-1219
2620266,1256850,2022,48,1,0,3450,2620-1256
2620321,1256965,2024,48,1,0,3450,2620-1256
2620374,1256923,2022,48,1,0,3450,2620-1256
2657278,1219801,2022,18,1,3,3450,2657-1219
2660500,1270500,2025,73,1,0,3450,2660-1270
2569320,1203181,2023,24,1,2,3450,2569-1203
2760745,1206341,2023,55,1,0,3450,2760-1206
2660500,1270500,2023,6,1,0,3450,2660-1270
2660500,1269500,2022,6,1,0,3450,2660-1269
2711049,1112381,2021,24,1,3,3450,2711-1112
2672829,1236263,2023,24,2,10,3450,2672-1236
2670500,1240500,2024,12,1,3,3450,2670-1240
2709500,1270500,2023,61,1,0,3450,2709-1270
2557491.38890435,1138847.38243465,2022,18,1,3,3450,2557-1138
2600697,1226217,2021,67,1,0,3450,2600-1226
2620500,1256500,2023,18,1,3,3450,2620-1256
2710462,1270961,2025,18,1,2,3450,2710-1270
2679616,1253884,2024,67,1,0,3450,2679-1253
2574450,1162272,2024,18,1,3,3450,2574-1162
2632500,1237500,2024,18,2,4,3450,2632-1237
2709628.1002368,1113293.57333526,2025,73,1,0,3450,2709-1113
2667500,1258500,2025,30,3,13,3450,2667-1258
2559500,1127500,2025,18,1,3,3450,2559-1127
2679946,1251881,2023,30,3,19,3450,2679-1251
2709500,1270500,2023,24,1,3,3450,2709-1270
2709628.1002368,1113293.57333526,2025,73,1,0,3450,2709-1113
2559637,1127883,2022,24,1,3,3450,2559-1127
2710016,1270956,2025,6,1,0,3450,2710-1270
2559644,1127932,2022,24,1,2,3450,2559-1127
2704762,1274609,2025,36,1,1,3450,2704-1274
2670500,1240500,2024,42,1,1,3450,2670-1240
2709583,1113445,2024,12,1,3,3450,2709-1113
2709038,1270827,2024,12,1,3,3450,2709-1270
2559144,1138417,2023,24,1,3,3450,2559-1138
2709500,1113500,2022,18,2,3,3450,2709-1113
2670500,1240500,2023,18,1,3,3450,2670-1240
2709648,1113310,2025,49,1,0,3450,2709-1113
2704768,1274630,2024,49,1,0,3450,2704-1274
2559620.18466926,1127739.35335862,2023,18,1,2,3450,2559-1127
2711189,1112857,2025,18,1,2,3450,2711-1112
2709601,1113417,2024,18,1,2,3450,2709-1113
2711244,1112555,2025,18,1,3,3450,2711-1112
2569500,1203500,2021,18,3,3,3450,2569-1203
2559765,1127994,2022,24,1,3,3450,2559-1127
2704481,1274063,2025,18,1,2,3450,2704-1274
2657330,1219709,2022,18,1,2,3450,2657-1219
2657332,1219702,2025,18,1,2,3450,2657-1219
2704481,1274063,2025,18,1,2,3450,2704-1274
2679299.93832725,1253899.6223803,2021,30,1,2,3450,2679-1253
2612500,1128500,2021,30,1,3,3450,2612-1128
2559790,1128113,2021,30,1,2,3450,2559-1128
2557630,1138433,2022,18,1,2,3450,2557-1138
2559535,1127839,2021,30,1,3,3450,2559-1127
2569500,1203500,2022,18,6,10,3450,2569-1203
2684500,1138500,2023,30,1,2,3450,2684-1138
2574427,1162284,2021,30,1,16,3450,2574-1162
2620500,1256500,2023,18,1,3,3450,2620-1256
2699987,1272214,2024,18,2,2,3450,2699-1272
2709613,1113361,2021,55,1,0,3450,2709-1113
2709628,1113319,2024,55,1,0,3450,2709-1113
2709610,1113297,2025,18,1,3,3450,2709-1113
2657280.17450376,1219738.48921485,2025,18,1,2,3450,2657-1219
2570536,1203814,2024,18,2,3,3450,2570-1203
2687915,1248616,2021,30,1,12,3450,2687-1248
2660500,1270500,2024,36,1,3,3450,2660-1270
2557500,1138500,2021,61,1,0,3450,2557-1138
2570500,1203500,2023,24,1,3,3450,2570-1203
2569500,1203500,2025,61,1,0,3450,2569-1203
2709800,1113665,2022,24,1,3,3450,2709-1113
2559836,1128018,2021,24,1,3,3450,2559-1128
2709600,1113338,2025,67,1,0,3450,2709-1113
2569431,1203401,2025,67,1,0,3450,2569-1203
2570500,1203500,2025,42,1,2,3450,2570-1203
2670350.07219683,1240899.55926051,2023,24,1,3,3450,2670-1240
2620500,1256500,2023,24,1,3,3450,2620-1256
2665500,1149500,2021,30,1,16,3450,2665-1149
2709500,1113500,2023,49,1,0,3450,2709-1113
2612500,1128500,2024,30,1,2,3450,2612-1128
2648500,1224500,2025,49,1,0,3450,2648-1224
2679500,1253500,2024,6,1,0,3450,2679-1253
2674485,1231178,2025,42,1,3,3450,2674-1231
2709734,1113604,2023,42,2,3,3450,2709-1113
2710500,1270500,2024,18,1,3,3450,2710-1270
2657282,1219786,2025,18,1,3,3450,2657-1219
2679809,1251906,2024,18,1,3,3450,2679-1251
2574445,1162428,2025,18,1,3,3450,2574-1162
2569398,1203299,2023,18,1,1,3450,2569-1203
2507185.76098407,1120949.64624735,2022,49,1,0,3450,2507-1120
2709730,1270979,2022,18,1,3,3450,2709-1270
2670241,1240801,2022,73,1,0,3450,2670-1240
2620391,1256947,2023,55,1,0,3450,2620-1256
2557588,1138376,2023,73,1,0,3450,2557-1138
2710498.55781398,1270998.8641549,2022,73,1,0,3450,2710-1270
2711500,1112500,2021,24,1,3,3450,2711-1112
2711160,1112655,2022,24,1,2,3450,2711-1112
2711500,1112500,2021,24,1,3,3450,2711-1112
2709688,1113926,2021,6,2,0,3450,2709-1113
2658000.17980127,1241199.56270432,2022,24,1,3,3450,2658-1241
2614476,1174184,2024,18,1,3,3450,2614-1174
2657330,1219721,2022,30,1,3,3450,2657-1219
2657327,1219721,2022,30,1,3,3450,2657-1219
2657271,1219808,2022,30,1,10,3450,2657-1219
2557491.38890435,1138847.38243465,2022,18,1,3,3450,2557-1138
2557632,1138385,2023,18,1,1,3450,2557-1138
2709800,1113548,2025,73,1,0,3450,2709-1113
2679494,1253776,2024,18,2,2,3450,2679-1253
2559559,1138303,2025,18,1,1,3450,2559-1138
2613066,1128739,2024,37,1,1,3450,2613-1128
2660500,1270500,2022,24,1,2,3450,2660-1270
2709500,1113500,2021,24,1,3,3450,2709-1113
2660500,1270500,2022,24,1,3,3450,2660-1270
2620337,1256965,2023,6,1,0,3450,2620-1256
2709803,1113813,2024,43,1,3,3450,2709-1113
2710029,1270946,2025,24,2,3,3450,2710-1270
2709628.1002368,1113293.57333526,2021,18,1,3,3450,2709-1113
2569500,1203500,2022,18,3,3,3450,2569-1203
2710500,1270500,2024,18,1,3,3450,2710-1270
2559098.38997532,1138480.35081722,2022,49,2,0,3450,2559-1138
2557500,1138500,2021,18,1,3,3450,2557-1138
2570500,1203500,2025,49,2,0,3450,2570-1203
2709630,1113301,2025,49,2,0,3450,2709-1113
2709920,1113886,2025,49,1,0,3450,2709-1113
2674066,1231686,2024,18,1,2,3450,2674-1231
2570500,1203500,2024,49,2,0,3450,2570-1203
2674121,1231831,2024,18,1,3,3450,2674-1231
2614711,1174138,2024,30,1,2,3450,2614-1174
2570171.55826185,1203620.27005927,2021,30,1,1,3450,2570-1203
2709217,1270666,2023,18,1,3,3450,2709-1270
2709824,1113726,2023,55,1,0,3450,2709-1113
2710500,1270500,2023,61,1,0,3450,2710-1270
2570500,1203500,2025,30,1,2,3450,2570-1203
2709628.1002368,1113293.57333526,2022,24,1,3,3450,2709-1113
2570500,1203500,2025,61,1,0,3450,2570-1203
2711500,1112500,2021,24,1,3,3450,2711-1112
2557304.38920156,1191785.47097057,2025,37,1,3,3450,2557-1191
2570419,1203133,2022,43,1,3,3450,2570-1203
2711752,1112724,2021,24,1,2,3450,2711-1112
2711143,1112656,2025,24,1,3,3450,2711-1112
2559483.18674416,1127893.35578912,2025,43,1,3,3450,2559-1127
2632993,1237355,2024,24,1,5,3450,2632-1237
2620427,1256937,2022,24,1,3,3450,2620-1256
2620290,1256678,2023,24,1,3,3450,2620-1256
2620340,1256942,2021,30,1,3,3450,2620-1256
2557491.38890435,1138847.38243465,2022,49,1,0,3450,2557-1138
2559620.18466926,1127739.35335862,2021,30,2,14,3450,2559-1127
2709601,1113341,2025,73,1,0,3450,2709-1113
2620500,1256500,2022,49,1,0,3450,2620-1256
2559371,1138235,2022,30,1,3,3450,2559-1138
2745583,1258582,2021,30,1,16,3450,2745-1258
2670750.06947643,1240749.55903759,2021,30,1,1,3450,2670-1240
2657280.17450376,1219738.48921485,2022,30,3,13,3450,2657-1219
2657280.17450376,1219738.48921485,2022,30,1,3,3450,2657-1219
2557491.38890435,1138847.38243465,2022,55,1,0,3450,2557-1138
2570500,1203500,2023,7,1,0,3450,2570-1203
2709500,1113500,2025,55,1,0,3450,2709-1113
2657369,1219651,2024,7,1,0,3450,2657-1219
2559996.39143369,1138313.33332478,2021,7,1,0,3450,2559-1138
2575921,1200705,2023,55,2,0,3450,2575-1200
2569500,1203500,2025,37,1,3,3450,2569-1203
2632714,1269503,2024,37,1,3,3450,2632-1269
2559483.18674416,1127893.35578912,2022,61,1,0,3450,2559-1127
2709667,1113842,2023,43,1,3,3450,2709-1113
2709155,1270897,2024,18,2,3,3450,2709-1270
2672348,1236933,2022,61,1,0,3450,2672-1236
2657280.17450376,1219738.48921485,2021,43,1,2,3450,2657-1219
2709651,1113368,2022,18,1,2,3450,2709-1113
2648606,1224694,2021,18,1,3,3450,2648-1224
2657268,1219693,2025,18,1,2,3450,2657-1219
2657314,1219727,2022,18,2,6,3450,2657-1219
2507500,1120500,2021,18,1,2,3450,2507-1120
2710500,1270500,2024,18,2,4,3450,2710-1270
2569500,1203500,2022,18,1,3,3450,2569-1203
2620339,1256959,2024,49,1,0,3450,2620-1256
2557485,1138681,2025,67,1,0,3450,2557-1138
2557491.38890435,1138847.38243465,2021,18,1,3,3450,2557-1138
2704511,1274558,2025,18,1,3,3450,2704-1274
2704511,1274558,2025,18,1,3,3450,2704-1274
2679754,1251724,2024,18,1,10,3450,2679-1251
2679749,1251750,2024,18,1,10,3450,2679-1251
2679814,1251681,2024,18,1,2,3450,2679-1251
2679741,1251747,2024,18,1,2,3450,2679-1251
2569500,1203500,2022,18,3,3,3450,2569-1203
2620500,1256500,2022,31,1,3,3450,2620-1256
2617033,1128573,2025,31,1,3,3450,2617-1128
2617062,1128616,2025,31,1,3,3450,2617-1128
2709500,1113500,2025,73,1,0,3450,2709-1113
2540536,1181663,2025,31,1,3,3450,2540-1181
2569500,1203500,2021,73,1,0,3450,2569-1203
2709674,1270959,2024,43,1,3,3450,2709-1270
2557500,1138500,2022,43,1,1,3450,2557-1138
2559483.18674416,1127893.35578912,2021,7,1,0,3450,2559-1127
2760730,1206530,2025,61,1,0,3450,2760-1206
2760629,1206365,2025,61,1,0,3450,2760-1206
2570076,1203001,2025,49,1,0,3450,2570-1203
2570500,1203500,2021,49,1,0,3450,2570-1203
2658122,1241224,2024,61,1,0,3450,2658-1241
2679299.93832725,1253899.6223803,2024,18,1,2,3450,2679-1253
2709677,1113996,2022,49,1,0,3450,2709-1113
2709628.1002368,1113293.57333526,2024,73,1,0,3450,2709-1113
2657691,1219400,2025,61,1,0,3450,2657-1219
2557500,1138500,2022,18,1,3,3450,2557-1138
2709694,1113963,2024,73,1,0,3450,2709-1113
2684500,1138500,2021,31,2,16,3450,2684-1138
2760584,1206341,2022,18,1,2,3450,2760-1206
2559620.18466926,1127739.35335862,2022,18,1,2,3450,2559-1127
2620298,1256970,2023,18,1,3,3450,2620-1256
2670500,1240500,2021,18,1,3,3450,2670-1240
2709169,1270857,2024,18,2,3,3450,2709-1270
2709926,1271086,2025,18,1,3,3450,2709-1271
2557491.38890435,1138847.38243464,2025,43,1,3,3450,2557-1138
2709586,1113358,2025,49,1,0,3450,2709-1113
2709500,1270500,2021,18,1,3,3450,2709-1270
2670500,1240500,2021,18,1,3,3450,2670-1240
2557491.38890435,1138847.38243464,2023,49,1,0,3450,2557-1138
2617036,1128593,2025,31,1,3,3450,2617-1128
2559620.18466926,1127739.35335862,2021,31,3,16,3450,2559-1127
2709611,1270988,2022,31,2,19,3450,2709-1270
2557491.38890435,1138847.38243465,2022,61,1,0,3450,2557-1138
2540444,1181501,2025,31,1,3,3450,2540-1181
2705491.19607987,1274260.38802228,2021,73,1,0,3450,2705-1274
2557500,1138500,2023,43,1,3,3450,2557-1138
2490989,1116610,2025,43,1,2,3450,2490-1116
2538478.25300482,1183335.84453464,2022,43,1,1,3450,2538-1183
2570600,1203892,2023,1,1,0,3450,2570-1203
2569500,1203500,2021,49,1,0,3450,2569-1203
2620293,1256885,2023,49,1,0,3450,2620-1256
2569857.55231118,1203193.27414936,2023,1,1,0,3450,2569-1203
2569500,1203500,2022,61,1,0,3450,2569-1203
2620500,1256500,2025,61,1,0,3450,2620-1256
2679713,1253885,2025,73,1,0,3450,2679-1253
2709526,1113343,2025,73,1,0,3450,2709-1113
2672675,1236106,2023,1,1,0,3450,2672-1236
2709602,1113343,2023,1,1,0,3450,2709-1113
2709514,1271029,2025,7,1,0,3450,2709-1271
2657134,1219778,2024,7,1,0,3450,2657-1219
2648545,1224548,2022,12,1,2,3450,2648-1224
2648572,1224355,2022,12,2,3,3450,2648-1224
2648540,1224693,2021,12,1,3,3450,2648-1224
2709608,1271024,2024,25,1,14,3450,2709-1271
2559795,1138202,2022,25,1,1,3450,2559-1138
2570500,1203500,2025,25,,1,3450,2570-1203
2570171.55826185,1203620.27005927,2025,25,1,3,3450,2570-1203
2709601,1113345,2025,25,1,2,3450,2709-1113
2613605.61757941,1128662.5657993,2023,31,3,19,3450,2613-1128
2538078,1183906,2023,49,1,0,3450,2538-1183
2569722,1203186,2025,61,1,0,3450,2569-1203
2570171.55826185,1203620.27005927,2024,61,1,0,3450,2570-1203
2705727,1274258,2025,61,1,0,3450,2705-1274
2660146,1269992,2022,1,1,0,3450,2660-1269
2569987,1203078,2023,1,1,0,3450,2569-1203
2709621,1270853,2021,7,1,0,3450,2709-1270
2709734,1270991,2024,7,1,0,3450,2709-1270
2709500,1113500,2025,7,1,0,3450,2709-1113
2610254,1229604,2025,7,1,0,3450,2610-1229
2570386,1203070,2021,13,1,2,3450,2570-1203
2570500,1203500,2021,13,1,3,3450,2570-1203
2557500,1138500,2025,13,1,2,3450,2557-1138
2657289,1219771,2022,13,1,3,3450,2657-1219
2569857.55231118,1203193.27414936,2021,13,1,2,3450,2569-1203
2557627,1138429,2021,19,1,1,3450,2557-1138
2709799,1113985,2021,19,1,3,3450,2709-1113
2648618,1224672,2021,19,1,3,3450,2648-1224
2648606,1224664,2021,19,1,3,3450,2648-1224
2648777,1224751,2021,19,1,1,3450,2648-1224
2617914.64348447,1127764.5291236,2022,25,1,2,3450,2617-1127
2569857.55231118,1203193.27414935,2025,25,1,3,3450,2569-1203
2570500,1203500,2021,25,1,1,3450,2570-1203
2648560,1224707,2021,25,1,7,3450,2648-1224
2538515,1183230,2025,25,1,3,3450,2538-1183
2620500,1256500,2022,25,1,3,3450,2620-1256
2557491.38890435,1138847.38243464,2023,25,1,3,3450,2557-1138
2559757,1128369,2021,31,1,3,3450,2559-1128
2557500,1138500,2024,31,1,2,3450,2557-1138
2709486,1270963,2022,31,3,14,3450,2709-1270
2612843,1128620,2021,43,1,0,3450,2612-1128
2612906,1128701,2021,43,1,0,3450,2612-1128
2610217,1229595,2023,43,1,0,3450,2610-1229
2569857.55231118,1203193.27414935,2023,49,1,0,3450,2569-1203
2569934,1203016,2023,49,1,0,3450,2569-1203
2709719,1113676,2024,1,1,0,3450,2709-1113
2709661,1113163,2024,1,1,0,3450,2709-1113
2657293,1219785,2022,13,1,3,3450,2657-1219
2569500,1203500,2024,13,1,1,3450,2569-1203
2522628,1167657,2021,13,1,3,3450,2522-1167
2705863,1274011,2025,19,,2,3450,2705-1274
2709500,1113500,2022,19,1,3,3450,2709-1113
2648734,1224867,2025,19,1,3,3450,2648-1224
2570500,1203500,2025,25,1,3,3450,2570-1203
2569485,1203479,2025,25,1,3,3450,2569-1203
2648569,1224692,2021,25,1,3,3450,2648-1224
2670500,1240500,2021,25,1,3,3450,2670-1240
2709450,1270950,2022,31,3,19,3450,2709-1270
2610275,1229588,2023,31,1,3,3450,2610-1229
2672085,1237556,2023,43,1,0,3450,2672-1237
2709588,1113357,2023,43,1,0,3450,2709-1113
2569500,1203500,2025,50,1,0,3450,2569-1203
2570500,1203500,2022,62,1,0,3450,2570-1203
2709610,1113539,2022,1,1,0,3450,2709-1113
2657202,1219839,2021,1,1,0,3450,2657-1219
2569500,1203500,2021,7,1,0,3450,2569-1203
2648516,1224715,2021,7,2,4,3450,2648-1224
2648042,1224806,2021,7,2,4,3450,2648-1224
2670500,1240500,2024,7,2,0,3450,2670-1240
2557491.38890435,1138847.38243465,2021,7,1,0,3450,2557-1138
2709614,1270998,2025,13,2,3,3450,2709-1270
2709641,1270925,2022,13,2,3,3450,2709-1270
2569500,1203500,2021,13,1,2,3450,2569-1203
2710500,1270500,2025,13,1,3,3450,2710-1270
2648769,1224739,2023,13,1,3,3450,2648-1224
2648563,1224612,2022,13,1,3,3450,2648-1224
2660500,1270500,2024,13,2,3,3450,2660-1270
2559098.38997532,1138480.35081721,2025,13,1,3,3450,2559-1138
2709588,1270989,2025,13,1,2,3450,2709-1270
2709779,1113950,2021,19,1,3,3450,2709-1113
2672832,1236274,2021,19,1,3,3450,2672-1236
2672601,1236398,2021,19,1,2,3450,2672-1236
2648601,1224420,2021,19,1,3,3450,2648-1224
2648592,1224711,2021,19,1,3,3450,2648-1224
2660500,1270500,2024,19,1,3,3450,2660-1270
2660500,1270500,2024,19,1,3,3450,2660-1270
2557500,1138500,2023,19,1,3,3450,2557-1138
2570394,1203792,2025,19,1,3,3450,2570-1203
2670500,1240500,2025,19,1,3,3450,2670-1240
2570500,1203500,2024,19,1,3,3450,2570-1203
2660500,1270500,2024,19,1,3,3450,2660-1270
2557491.38890435,1138847.38243465,2022,19,1,3,3450,2557-1138
2709630,1113390,2025,25,1,3,3450,2709-1113
2709500,1113500,2025,25,1,3,3450,2709-1113
2570636,1203841,2021,37,1,2,3450,2570-1203
2557491.38890435,1138847.38243464,2025,44,1,0,3450,2557-1138
2660500,1270500,2021,50,1,0,3450,2660-1270
2660500,1270500,2021,50,1,0,3450,2660-1270
2660500,1270500,2021,50,1,0,3450,2660-1270
2557696,1138246,2025,50,1,0,3450,2557-1138
2522908,1167730,2022,56,1,0,3450,2522-1167
2570220,1203122,2025,62,1,0,3450,2570-1203
2709363,1270150,2021,62,1,0,3450,2709-1270
2569500,1203500,2022,68,1,0,3450,2569-1203
2557491.38890435,1138847.38243464,2024,68,1,0,3450,2557-1138
2617914.64348447,1127764.52912359,2023,1,1,0,3450,2617-1127
2569857.55231118,1203193.27414936,2022,13,1,3,3450,2569-1203
2648524,1224713,2025,13,2,3,3450,2648-1224
2557491.38890435,1138847.38243465,2021,19,1,3,3450,2557-1138
2621548.67761697,1128504.49873673,2021,19,1,3,3450,2621-1128
2667059,1258536,2025,19,2,6,3450,2667-1258
2709601,1113349,2021,19,1,3,3450,2709-1113
2709726,1113271,2021,19,1,3,3450,2709-1113
2648561,1224706,2021,19,1,10,3450,2648-1224
2709471,1270942,2022,25,1,7,3450,2709-1270
2540950,1181765,2024,32,1,3,3450,2540-1181
2538643,1183258,2021,50,1,0,3450,2538-1183
2557491.38890435,1138847.38243465,2021,50,1,0,3450,2557-1138
2709564,1113481,2024,56,1,0,3450,2709-1113
2709720,1270968,2021,68,1,0,3450,2709-1270
2569857.55231118,1203193.27414936,2021,68,1,0,3450,2569-1203
2648521,1224711,2022,8,1,0,3450,2648-1224
2672072,1237624,2022,8,1,0,3450,2672-1237
2648550,1224647,2021,8,1,3,3450,2648-1224
2648622,1224654,2022,13,2,3,3450,2648-1224
2648534,1224665,2025,13,1,3,3450,2648-1224
2600500,1226500,2023,20,1,3,3450,2600-1226
2648500,1224500,2025,20,1,3,3450,2648-1224
2709500,1113500,2023,20,1,3,3450,2709-1113
2569500,1203500,2021,20,4,3,3450,2569-1203
2711225,1112672,2024,20,1,2,3450,2711-1112
2674054,1231789,2023,20,1,3,3450,2674-1231
2540310.07049916,1181730.47437203,2023,20,1,3,3450,2540-1181
2617071.6379958,1127900.53605998,2022,20,1,2,3450,2617-1127
2557491.38890435,1138847.38243464,2024,20,1,1,3450,2557-1138
2612744.61223504,1128810.57362858,2021,32,3,13,3450,2612-1128
2557491.38890435,1138847.38243465,2022,44,1,0,3450,2557-1138
2570500,1203500,2025,50,1,0,3450,2570-1203
2705734,1274217,2025,56,1,0,3450,2705-1274
2569857.55231118,1203193.27414935,2025,62,1,0,3450,2569-1203
2570171.55826185,1203620.27005927,2022,68,1,0,3450,2570-1203
2557491.38890435,1138847.38243464,2023,68,1,0,3450,2557-1138
2709758,1271010,2021,2,1,0,3450,2709-1271
2570500,1203500,2024,8,1,0,3450,2570-1203
2648559,1224705,2021,8,1,0,3450,2648-1224
2648533,1224684,2021,8,1,0,3450,2648-1224
2709665,1113189,2024,8,1,0,3450,2709-1113
2648590,1224696,2021,8,3,0,3450,2648-1224
2648500,1224500,2021,14,1,3,3450,2648-1224
2570171.55826185,1203620.27005927,2025,14,2,3,3450,2570-1203
2710498.55781398,1270998.8641549,2021,14,2,3,3450,2710-1270
2648550,1224648,2021,14,1,3,3450,2648-1224
2709603,1113399,2021,14,1,2,3450,2709-1113
2648591,1224270,2025,14,2,4,3450,2648-1224
2648603,1224362,2021,14,1,3,3450,2648-1224
2648548,1224686,2022,14,1,3,3450,2648-1224
2648605,1224685,2021,14,1,3,3450,2648-1224
2709593,1270983,2025,14,1,3,3450,2709-1270
2709534,1270972,2024,20,1,2,3450,2709-1270
2709784,1270964,2024,20,1,3,3450,2709-1270
2614500,1174500,2022,20,1,3,3450,2614-1174
2709653,1113428,2025,20,1,2,3450,2709-1113
2670500,1240500,2024,20,2,10,3450,2670-1240
2709531,1270719,2023,26,2,1,3450,2709-1270
2570500,1203500,2021,26,1,3,3450,2570-1203
2705500,1274500,2022,26,1,3,3450,2705-1274
2570500,1203500,2024,26,1,1,3450,2570-1203
2672242,1236742,2022,26,1,3,3450,2672-1236
2710498.55781398,1270998.8641549,2022,26,1,7,3450,2710-1270
2757526,1234787,2021,38,2,13,3450,2757-1234
2674057,1231839,2024,38,1,3,3450,2674-1231
2709671,1113620,2025,38,1,3,3450,2709-1113
2709807,1113390,2024,50,1,0,3450,2709-1113
2620500,1256500,2024,56,1,0,3450,2620-1256
2557491.38890435,1138847.38243465,2021,63,1,0,3450,2557-1138
2570171.55826185,1203620.27005927,2023,2,1,0,3450,2570-1203
2648608,1224674,2021,8,1,0,3450,2648-1224
2648748,1224694,2022,8,1,0,3450,2648-1224
2660500,1270500,2022,14,1,3,3450,2660-1270
2648601,1224675,2021,14,1,3,3450,2648-1224
2648631,1224636,2022,14,1,3,3450,2648-1224
2522645,1167688,2024,20,1,3,3450,2522-1167
2648587,1224495,2025,20,1,3,3450,2648-1224
2709547,1113424,2021,20,1,3,3450,2709-1113
2648579,1224647,2021,20,2,1,3450,2648-1224
2760807,1206439,2023,20,1,3,3450,2760-1206
2610291,1229577,2023,20,1,2,3450,2610-1229
2655962,1257988,2025,20,1,2,3450,2655-1257
2709500,1113500,2023,20,1,1,3450,2709-1113
2617071.6379958,1127900.53605998,2021,20,2,6,3450,2617-1127
2657300,1219775,2025,20,1,3,3450,2657-1219
2667484,1258503,2024,32,1,2,3450,2667-1258
2660889,1269578,2025,32,2,13,3450,2660-1269
2657356,1219673,2022,32,1,3,3450,2657-1219
2660500,1270500,2022,57,1,0,3450,2660-1270
2569525.56262002,1203696.28167077,2025,57,1,0,3450,2569-1203
2679500,1251500,2025,8,1,0,3450,2679-1251
2648777,1224721,2025,8,1,0,3450,2648-1224
2620500,1256500,2024,14,1,3,3450,2620-1256
2709500,1113500,2021,14,1,3,3450,2709-1113
2648579,1224697,2025,14,1,3,3450,2648-1224
2557491.38890435,1138847.38243465,2021,14,1,3,3450,2557-1138
2570500,1203500,2023,20,1,3,3450,2570-1203
2557491.38890435,1138847.38243465,2021,20,1,3,3450,2557-1138
2660500,1269500,2022,20,1,3,3450,2660-1269
2507500,1120500,2021,20,1,2,3450,2507-1120
2648575,1224662,2021,20,1,3,3450,2648-1224
2648579,1224661,2021,20,1,3,3450,2648-1224
2648588,1224712,2021,20,1,3,3450,2648-1224
2709674,1113753,2023,26,1,3,3450,2709-1113
2614601,1174193,2024,26,1,14,3450,2614-1174
2709670,1113537,2021,32,1,3,3450,2709-1113
2709713,1113189,2021,32,1,3,3450,2709-1113
2557491.38890435,1138847.38243464,2023,45,1,0,3450,2557-1138
2660500,1270500,2024,51,1,0,3450,2660-1270
2657128,1219894,2024,63,1,0,3450,2657-1219
2570634,1203671,2025,63,1,0,3450,2570-1203
2570171.55826185,1203620.27005927,2025,63,1,0,3450,2570-1203
2660500,1270500,2022,9,1,0,3450,2660-1270
2709672,1271047,2025,9,1,0,3450,2709-1271
2709596,1113340,2023,9,1,0,3450,2709-1113
2648614,1224641,2022,9,2,3,3450,2648-1224
2648580,1224665,2022,9,1,0,3450,2648-1224
2648540,1224664,2022,14,1,3,3450,2648-1224
2648640,1224658,2021,14,1,3,3450,2648-1224
2570306,1203092,2022,14,1,3,3450,2570-1203
2570148,1203131,2021,14,1,3,3450,2570-1203
2648019,1224795,2021,14,1,3,3450,2648-1224
2569500,1203500,2024,14,1,1,3450,2569-1203
2679500,1251500,2022,14,1,2,3450,2679-1251
2680500,1251500,2023,20,3,10,3450,2680-1251
2709411,1270919,2023,20,1,1,3450,2709-1270
2660803,1269665,2022,20,1,3,3450,2660-1269
2709760,1113677,2025,20,2,3,3450,2709-1113
2709675,1113846,2024,20,1,2,3450,2709-1113
2709601,1113346,2021,20,1,3,3450,2709-1113
2559098.38997532,1138480.35081722,2022,20,1,3,3450,2559-1138
2617914.64348447,1127764.5291236,2021,20,1,1,3450,2617-1127
2570171.55826185,1203620.27005927,2025,20,1,3,3450,2570-1203
2655500,1257500,2023,20,1,3,3450,2655-1257
2709565,1113365,2025,26,1,3,3450,2709-1113
2570479,1203800,2025,26,1,2,3450,2570-1203
2569555,1203161,2021,39,1,3,3450,2569-1203
2557491.38890435,1138847.38243464,2023,45,1,0,3450,2557-1138
2570500,1203500,2024,51,1,0,3450,2570-1203
2614500,1174500,2025,51,1,0,3450,2614-1174
2569500,1203500,2025,57,1,0,3450,2569-1203
2657398,1219642,2024,14,1,3,3450,2657-1219
2617071.6379958,1127900.53605997,2023,14,1,2,3450,2617-1127
2648737,1224838,2025,14,1,3,3450,2648-1224
2522706,1167677,2025,14,1,3,3450,2522-1167
2575629.48152266,1200525.16693048,2022,21,1,2,3450,2575-1200
2709603,1113337,2021,21,1,1,3450,2709-1113
2655772,1257953,2021,21,1,3,3450,2655-1257
2657286,1219724,2025,21,1,2,3450,2657-1219
2709500,1113500,2025,21,1,3,3450,2709-1113
2557595,1138398,2024,21,2,5,3450,2557-1138
2709500,1270500,2025,21,2,3,3450,2709-1270
2670500,1240500,2022,21,1,3,3450,2670-1240
2648721,1224599,2021,21,1,3,3450,2648-1224
2648585,1224689,2021,21,1,7,3450,2648-1224
2648346,1224181,2021,21,1,3,3450,2648-1224
2672107,1237511,2022,21,1,3,3450,2672-1237
2709604,1271001,2022,27,1,7,3450,2709-1271
2709571,1270947,2024,27,2,3,3450,2709-1270
2620500,1256500,2023,33,3,4,3450,2620-1256
2570316,1203100,2025,63,1,0,3450,2570-1203
2660206,1269856,2021,63,1,0,3450,2660-1269
2620500,1256500,2023,9,1,0,3450,2620-1256
2709500,1113500,2025,9,1,0,3450,2709-1113
2732274,1252886,2023,9,1,0,3450,2732-1252
2709731,1270976,2022,15,2,3,3450,2709-1270
2709471,1270940,2024,21,1,7,3450,2709-1270
2670500,1240500,2023,21,2,1,3450,2670-1240
2709500,1113500,2025,21,1,2,3450,2709-1113
2672243,1236738,2025,21,1,3,3450,2672-1236
2672265,1236087,2025,21,1,3,3450,2672-1236
2657336,1219712,2022,21,1,3,3450,2657-1219
2679500,1252500,2022,21,2,4,3450,2679-1252
2570171.55826185,1203620.27005927,2025,21,1,3,3450,2570-1203
2559098.38997532,1138480.35081722,2022,21,1,3,3450,2559-1138
2575629.48152266,1200525.16693047,2023,21,1,1,3450,2575-1200
2709500,1270500,2025,21,1,10,3450,2709-1270
2557491.38890435,1138847.38243464,2023,21,1,3,3450,2557-1138
2710500,1270500,2025,21,2,4,3450,2710-1270
2672041,1237693,2024,27,1,1,3450,2672-1237
2684500,1138500,2021,27,1,3,3450,2684-1138
2569500,1203500,2021,39,1,2,3450,2569-1203
2610318,1229568,2023,45,1,0,3450,2610-1229
2620500,1256500,2023,45,1,0,3450,2620-1256
2557491.38890435,1138847.38243464,2025,45,2,0,3450,2557-1138
2557772,1138338,2023,51,1,0,3450,2557-1138
2557752,1138180,2021,51,1,0,3450,2557-1138
2557491.38890435,1138847.38243464,2025,51,1,0,3450,2557-1138
2540983,1181911,2021,64,1,0,3450,2540-1181
2570171.55826185,1203620.27005927,2025,64,1,0,3450,2570-1203
2710500,1270500,2024,9,1,0,3450,2710-1270
2648771,1224740,2022,9,1,0,3450,2648-1224
2648771,1224740,2022,9,1,0,3450,2648-1224
2657214,1219833,2022,15,1,3,3450,2657-1219
2657314,1219760,2023,21,1,2,3450,2657-1219
2570500,1203811,2021,21,1,2,3450,2570-1203
2670500,1240500,2022,21,1,1,3450,2670-1240
2648047,1224796,2021,21,1,3,3450,2648-1224
2648710,1224598,2022,21,1,3,3450,2648-1224
2709691,1113640,2024,21,1,3,3450,2709-1113
2557491.38890435,1138847.38243465,2022,21,1,3,3450,2557-1138
2667487,1258352,2021,21,1,3,3450,2667-1258
2657295,1219783,2022,27,1,2,3450,2657-1219
2569778,1203414,2024,33,1,2,3450,2569-1203
2660500,1270500,2024,45,1,0,3450,2660-1270
2620500,1256500,2025,52,1,0,3450,2620-1256
2570894,1203626,2024,52,1,0,3450,2570-1203
2657287,1219716,2021,52,1,0,3450,2657-1219
2620419,1256921,2025,52,1,0,3450,2620-1256
2569500,1203500,2022,52,1,0,3450,2569-1203
2760810,1206435,2021,52,1,0,3450,2760-1206
2557500,1138500,2025,70,1,0,3450,2557-1138
2559956,1138215,2024,3,1,0,3450,2559-1138
2705500,1274500,2023,3,1,0,3450,2705-1274
2657374,1219648,2024,9,1,0,3450,2657-1219
2610075,1229732,2021,9,1,0,3450,2610-1229
2648500,1224500,2025,15,1,3,3450,2648-1224
2709579,1270913,2024,15,1,3,3450,2709-1270
2648013,1224274,2022,15,1,2,3450,2648-1224
2648566,1224265,2025,15,1,3,3450,2648-1224
2709500,1113500,2023,15,1,3,3450,2709-1113
2569500,1203500,2021,15,1,3,3450,2569-1203
2660500,1270500,2022,15,1,3,3450,2660-1270
2557491.38890435,1138847.38243465,2022,15,1,3,3450,2557-1138
2660500,1270500,2022,21,1,3,3450,2660-1270
2709500,1113500,2025,21,1,3,3450,2709-1113
2559500,1138500,2023,21,1,3,3450,2559-1138
2648645,1224573,2021,21,1,1,3450,2648-1224
2709545,1113364,2021,21,1,3,3450,2709-1113
2575629.48152266,1200525.16693047,2023,21,2,1,3450,2575-1200
2570500,1203500,2024,39,1,3,3450,2570-1203
2709709,1113596,2025,58,1,0,3450,2709-1113
2709500,1113500,2025,70,1,0,3450,2709-1113
2570171.55826185,1203620.27005927,2023,70,1,0,3450,2570-1203
2620500,1256500,2023,10,1,0,3450,2620-1256
2569500,1203500,2023,15,1,3,3450,2569-1203
2557491.38890435,1138847.38243464,2023,15,1,3,3450,2557-1138
2672239,1236774,2023,21,2,6,3450,2672-1236
2709608,1113563,2021,21,1,3,3450,2709-1113
2709598,1270885,2024,21,1,3,3450,2709-1270
2670500,1240500,2022,21,1,3,3450,2670-1240
2709500,1113500,2021,21,1,3,3450,2709-1113
2557491.38890435,1138847.38243465,2022,21,1,3,3450,2557-1138
2709473,1270967,2024,27,1,7,3450,2709-1270
2557491.38890435,1138847.38243465,2022,34,1,3,3450,2557-1138
2711460,1112712,2025,46,1,0,3450,2711-1112
2620500,1256500,2022,52,2,0,3450,2620-1256
2705932,1274130,2025,58,1,0,3450,2705-1274
2705730,1274236,2025,58,1,0,3450,2705-1274
2569857.55231118,1203193.27414935,2025,64,1,0,3450,2569-1203
2559887.38949178,1138241.33549638,2023,70,1,0,3450,2559-1138
2709720,1113630,2023,70,1,0,3450,2709-1113
2672685,1236256,2024,10,2,0,3450,2672-1236
2709707,1113623,2025,15,1,2,3450,2709-1113
2660500,1270500,2022,15,1,3,3450,2660-1270
2709500,1270500,2021,15,1,3,3450,2709-1270
2709500,1113500,2021,15,1,3,3450,2709-1113
2557491.38890435,1138847.38243464,2025,15,1,3,3450,2557-1138
2709505,1113390,2025,15,1,3,3450,2709-1113
2711500,1112500,2023,22,1,3,3450,2711-1112
2709500,1113500,2025,22,1,3,3450,2709-1113
2711500,1112500,2023,22,1,3,3450,2711-1112
2672519,1236532,2025,22,1,2,3450,2672-1236
2648549,1224698,2021,22,2,4,3450,2648-1224
2570500,1203500,2023,22,1,1,3450,2570-1203
2711500,1112500,2023,22,1,3,3450,2711-1112
2685500,1270500,2021,22,1,3,3450,2685-1270
2709103,1270828,2024,28,2,16,3450,2709-1270
2667019,1258681,2021,28,1,2,3450,2667-1258
2620316,1165783,2023,40,4,13,3450,2620-1165
2711191,1112550,2025,40,1,1,3450,2711-1112
2570500,1203500,2024,46,1,0,3450,2570-1203
2613605.61757941,1128662.5657993,2023,46,1,0,3450,2613-1128
2557491.38890435,1138847.38243465,2022,52,1,0,3450,2557-1138
2648629,1224613,2024,58,1,0,3450,2648-1224
2569845,1203153,2022,58,1,0,3450,2569-1203
2660500,1270500,2022,58,1,0,3450,2660-1270
2620500,1256500,2022,58,1,0,3450,2620-1256
2557491.38890435,1138847.38243464,2025,70,1,0,3450,2557-1138
2522672,1167138,2021,10,1,0,3450,2522-1167
2559144,1138055,2024,16,1,1,3450,2559-1138
2648747,1224864,2025,16,1,3,3450,2648-1224
2672391,1236656,2024,16,1,4,3450,2672-1236
2648577,1224616,2025,16,1,3,3450,2648-1224
2648571,1224542,2024,16,1,1,3450,2648-1224
2557491.38890435,1138847.38243465,2022,16,1,3,3450,2557-1138
2657280,1219774,2023,16,2,4,3450,2657-1219
2621548.67761697,1128504.49873673,2021,22,2,12,3450,2621-1128
2617071.6379958,1127900.53605997,2024,22,1,3,3450,2617-1127
2709608,1113596,2025,22,1,1,3450,2709-1113
2709804,1113559,2021,22,1,1,3450,2709-1113
2557491.38890435,1138847.38243464,2024,22,2,4,3450,2557-1138
2610139,1229753,2024,28,1,3,3450,2610-1229
2674006,1231847,2025,40,1,2,3450,2674-1231
2614500,1174500,2025,46,1,0,3450,2614-1174
2557491.38890435,1138847.38243464,2024,52,1,0,3450,2557-1138
2570138,1203086,2021,58,1,0,3450,2570-1203
2674500,1231500,2024,10,1,0,3450,2674-1231
2557491.38890435,1138847.38243465,2022,10,1,0,3450,2557-1138
2660792,1269777,2024,10,1,3,3450,2660-1269
2670500,1240500,2021,10,1,0,3450,2670-1240
2648804,1224715,2025,16,1,3,3450,2648-1224
2657370,1219665,2025,16,1,2,3450,2657-1219
2570131,1203183,2023,16,1,3,3450,2570-1203
2664500,1212500,2021,16,1,3,3450,2664-1212
2557500,1138500,2022,22,1,3,3450,2557-1138
2709220,1270887,2022,22,1,1,3450,2709-1270
2709766,1113752,2023,22,1,2,3450,2709-1113
2655538,1257685,2022,22,1,3,3450,2655-1257
2648540,1224707,2021,22,1,3,3450,2648-1224
2709628.1002368,1113293.57333526,2022,22,1,3,3450,2709-1113
2569693,1203343,2021,22,1,3,3450,2569-1203
2559500,1138500,2024,22,2,3,3450,2559-1138
2620500,1256500,2022,22,1,3,3450,2620-1256
2709541,1270981,2024,28,1,3,3450,2709-1270
2705491.19607987,1274260.38802228,2024,28,1,1,3450,2705-1274
2569689,1203135,2025,28,1,2,3450,2569-1203
2684500,1138500,2021,28,1,14,3450,2684-1138
2709500,1270500,2025,28,2,19,3450,2709-1270
2570063,1203023,2025,40,2,3,3450,2570-1203
2575629.48152266,1200525.16693047,2023,46,1,0,3450,2575-1200
2657300,1219771,2021,46,2,0,3450,2657-1219
2657297,1219697,2021,46,1,0,3450,2657-1219
2660500,1270500,2025,46,1,0,3450,2660-1270
2557500,1138500,2021,65,1,0,3450,2557-1138
2660500,1270500,2022,4,1,0,3450,2660-1270
2709729,1113843,2025,4,1,0,3450,2709-1113
2648702,1224899,2023,16,1,3,3450,2648-1224
2648381,1224172,2022,16,1,3,3450,2648-1224
2648567,1224645,2025,16,1,3,3450,2648-1224
2600500,1226500,2022,16,1,2,3450,2600-1226
2667040,1258441,2023,16,1,3,3450,2667-1258
2660500,1270500,2025,16,1,3,3450,2660-1270
2709971,1271202,2023,16,1,1,3450,2709-1271
2617071.6379958,1127900.53605997,2024,22,1,3,3450,2617-1127
2569500,1203500,2022,22,1,2,3450,2569-1203
2557491.38890435,1138847.38243465,2021,22,1,3,3450,2557-1138
2575629.48152266,1200525.16693048,2022,40,1,1,3450,2575-1200
2570171.55826185,1203620.27005927,2025,47,1,0,3450,2570-1203
2559887.38949178,1138241.33549638,2025,65,1,0,3450,2559-1138
2575629.48152266,1200525.16693048,2021,4,1,0,3450,2575-1200
2570500,1203500,2021,11,1,2,3450,2570-1203
2648550,1224725,2021,11,2,5,3450,2648-1224
2709579,1113367,2025,11,1,2,3450,2709-1113
2538500,1183500,2021,16,1,3,3450,2538-1183
2709065,1270835,2023,16,1,3,3450,2709-1270
2600500,1226500,2022,16,1,3,3450,2600-1226
2557638,1138416,2023,16,1,3,3450,2557-1138
2660500,1270500,2025,16,1,3,3450,2660-1270
2660500,1270500,2025,16,1,3,3450,2660-1270
2559562,1138305,2025,16,2,2,3450,2559-1138
2660500,1270500,2025,16,1,3,3450,2660-1270
2557491.38890435,1138847.38243464,2023,16,1,3,3450,2557-1138
2648652,1224634,2022,16,1,3,3450,2648-1224
2648550,1224702,2021,22,1,3,3450,2648-1224
2709954,1113088,2022,22,1,3,3450,2709-1113
2709682,1113541,2024,22,1,3,3450,2709-1113
2559098.38997532,1138480.35081721,2023,22,1,3,3450,2559-1138
2709678,1113923,2022,22,1,3,3450,2709-1113
2657337,1219749,2022,28,1,3,3450,2657-1219
2657278,1219795,2022,28,1,8,3450,2657-1219
2674061,1231882,2024,28,1,3,3450,2674-1231
2732309,1252907,2021,35,1,2,3450,2732-1252
2709649,1113423,2023,47,1,0,3450,2709-1113
2657307,1219713,2021,47,1,0,3450,2657-1219
2557491.38890435,1138847.38243465,2021,47,1,0,3450,2557-1138
2570379,1203822,2024,53,2,0,3450,2570-1203
2570500,1203500,2022,53,1,0,3450,2570-1203
2705628,1274192,2025,53,1,0,3450,2705-1274
2557491.38890435,1138847.38243465,2022,53,1,0,3450,2557-1138
2557491.38890435,1138847.38243464,2024,53,1,0,3450,2557-1138
2620500,1256500,2022,59,1,0,3450,2620-1256
2570171.55826185,1203620.27005927,2022,71,1,0,3450,2570-1203
2557595,1138419,2021,11,1,2,3450,2557-1138
2557500,1138500,2021,11,1,2,3450,2557-1138
2672105,1237543,2022,16,1,10,3450,2672-1237
2648553,1224657,2025,16,1,3,3450,2648-1224
2648645,1224943,2021,16,1,3,3450,2648-1224
2648561,1224716,2021,16,1,3,3450,2648-1224
2648540,1224699,2021,16,2,3,3450,2648-1224
2667363,1258573,2021,16,1,3,3450,2667-1258
2709500,1113500,2024,16,1,3,3450,2709-1113
2709494,1270913,2025,16,2,1,3450,2709-1270
2709401,1270853,2021,16,1,2,3450,2709-1270
2670750.06947644,1240749.55903759,2023,16,1,3,3450,2670-1240
2648592,1224651,2021,23,1,7,3450,2648-1224
2648614,1224397,2021,23,1,3,3450,2648-1224
2709697,1113698,2021,23,1,2,3450,2709-1113
2557491.38890435,1138847.38243464,2024,23,1,2,3450,2557-1138
2557491.38890435,1138847.38243464,2024,23,1,3,3450,2557-1138
2709712,1113408,2024,47,1,0,3450,2709-1113
2709661,1113232,2024,47,2,0,3450,2709-1113
2557491.38890435,1138847.38243465,2022,53,1,0,3450,2557-1138
2705695,1274219,2025,53,1,0,3450,2705-1274
2569629,1203333,2024,53,1,0,3450,2569-1203
2660216,1269915,2025,53,1,0,3450,2660-1269
2709500,1113500,2022,65,1,0,3450,2709-1113
2620500,1256500,2021,5,1,0,3450,2620-1256
2657284,1219450,2023,5,1,0,3450,2657-1219
2614500,1174500,2025,11,1,3,3450,2614-1174
2667461,1258501,2024,17,1,3,3450,2667-1258
2667016,1258706,2024,17,1,3,3450,2667-1258
2670500,1240500,2021,17,1,3,3450,2670-1240
2709054,1270834,2025,17,1,3,3450,2709-1270
2709454,1270981,2025,17,2,4,3450,2709-1270
2709108,1270833,2025,17,1,1,3450,2709-1270
2648573,1224638,2025,17,1,3,3450,2648-1224
2760810,1206452,2024,17,1,2,3450,2760-1206
2557491.38890435,1138847.38243465,2021,17,1,3,3450,2557-1138
2672059,1237698,2025,23,1,3,3450,2672-1237
2674500,1231500,2024,41,1,3,3450,2674-1231
2570755,1203948,2022,47,1,0,3450,2570-1203
2657338,1219697,2023,53,1,0,3450,2657-1219
2557491.38890435,1138847.38243465,2021,5,1,0,3450,2557-1138
2709500,1270500,2021,11,3,3,3450,2709-1270
2709500,1113500,2021,11,1,3,3450,2709-1113
2617071.6379958,1127900.53605998,2022,17,1,3,3450,2617-1127
2709500,1270500,2025,17,2,3,3450,2709-1270
2648592,1224688,2025,17,1,3,3450,2648-1224
2648540,1224653,2021,17,1,3,3450,2648-1224
2557559,1138623,2023,17,1,3,3450,2557-1138
2670500,1240500,2022,17,1,3,3450,2670-1240
2570500,1203500,2022,17,2,3,3450,2570-1203
2709500,1270500,2025,17,2,3,3450,2709-1270
2570553,1203815,2025,23,1,3,3450,2570-1203
2709594,1113354,2022,23,1,1,3450,2709-1113
2507412.75902636,1120860.64024528,2022,23,1,2,3450,2507-1120
2570500,1203500,2021,23,1,3,3450,2570-1203
2569500,1203500,2022,23,2,3,3450,2569-1203
2711500,1112500,2021,23,1,3,3450,2711-1112
2570500,1203500,2025,23,1,3,3450,2570-1203
2655500,1257500,2021,29,1,3,3450,2655-1257
2609388,1224010,2021,29,2,19,3450,2609-1224
2657295,1219787,2022,29,1,3,3450,2657-1219
2625957.71207003,1128681.46640185,2023,35,2,13,3450,2625-1128
2657361,1219659,2021,47,1,0,3450,2657-1219
2648771,1224741,2025,47,1,0,3450,2648-1224
2557491.38890435,1138847.38243464,2025,47,1,0,3450,2557-1138
2709724,1113573,2022,66,1,0,3450,2709-1113
2709610,1113479,2024,72,1,0,3450,2709-1113
2709500,1270500,2024,11,3,3,3450,2709-1270
2709500,1270500,2024,11,3,3,3450,2709-1270
2648599,1224685,2021,11,1,3,3450,2648-1224
2570717,1203668,2025,17,1,3,3450,2570-1203
2617071.6379958,1127900.53605998,2022,17,1,3,3450,2617-1127
2614500,1174500,2023,17,1,3,3450,2614-1174
2557500,1138500,2023,17,1,2,3450,2557-1138
2648500,1224500,2021,17,1,2,3450,2648-1224
2709945,1113797,2025,17,1,3,3450,2709-1113
2709500,1113500,2025,17,1,3,3450,2709-1113
2664761,1212774,2022,17,1,3,3450,2664-1212
2614542,1174133,2025,23,1,3,3450,2614-1174
2709628.1002368,1113293.57333526,2022,23,1,1,3450,2709-1113
2709628.1002368,1113293.57333526,2022,23,1,1,3450,2709-1113
2570500,1203500,2021,23,1,3,3450,2570-1203
2711535,1112644,2024,23,1,3,3450,2711-1112
2648557,1224647,2021,23,1,3,3450,2648-1224
2559914,1127860,2022,23,3,2,3450,2559-1127
2657331,1219725,2022,29,1,3,3450,2657-1219
2709567,1270978,2024,29,2,7,3450,2709-1270
2760500,1262500,2025,29,1,14,3450,2760-1262
2570084,1203027,2023,35,1,3,3450,2570-1203
2670500,1240500,2024,35,1,3,3450,2670-1240
2709500,1113500,2025,60,1,0,3450,2709-1113
2709599,1113351,2024,5,1,0,3450,2709-1113
2559500,1138500,2025,5,1,0,3450,2559-1138
2620500,1256500,2024,12,2,3,3450,2620-1256
2679500,1251500,2021,12,1,3,3450,2679-1251
2709500,1113500,2025,17,2,3,3450,2709-1113
2709842,1113732,2022,17,1,3,3450,2709-1113
2709446,1113352,2025,17,1,3,3450,2709-1113
2557593,1138517,2023,17,1,1,3450,2557-1138
2557491.38890435,1138847.38243465,2022,17,1,3,3450,2557-1138
2711156,1112571,2022,23,1,2,3450,2711-1112
2648587,1224696,2021,23,1,3,3450,2648-1224
2569500,1203500,2021,23,1,3,3450,2569-1203
2569500,1203500,2021,23,2,3,3450,2569-1203
2490717,1115516,2021,23,1,3,3450,2490-1115
2704117,1274568,2025,23,1,2,3450,2704-1274
2657331,1219706,2022,29,1,3,3450,2657-1219
2672595,1236454,2021,42,1,2,3450,2672-1236
2709906,1271059,2021,54,1,0,3450,2709-1271
2569966,1203174,2021,60,1,0,3450,2569-1203
2557491.38890435,1138847.38243465,2022,66,1,0,3450,2557-1138
2569500,1203500,2025,6,1,0,3450,2569-1203
2705973,1274095,2021,12,2,2,3450,2705-1274
2648612,1224622,2021,12,2,3,3450,2648-1224
2660500,1270500,2024,12,1,3,3450,2660-1270
2620500,1256500,2024,12,1,3,3450,2620-1256
2569857.55231118,1203193.27414936,2021,17,1,3,3450,2569-1203
2709500,1270500,2021,17,3,4,3450,2709-1270
2679500,1253500,2024,17,1,1,3450,2679-1253
2569500,1203500,2024,17,1,3,3450,2569-1203
2709646,1113490,2021,17,1,3,3450,2709-1113
2709971,1270960,2021,17,3,4,3450,2709-1270
2557500,1138500,2021,17,1,2,3450,2557-1138
2570500,1203500,2022,17,1,3,3450,2570-1203
2679500,1252500,2022,17,1,3,3450,2679-1252
2672127,1237437,2024,17,2,4,3450,2672-1237
2680500,1251500,2022,17,2,3,3450,2680-1251
2570592,1203815,2025,24,1,3,3450,2570-1203
2679500,1252500,2023,24,1,10,3450,2679-1252
2569500,1203500,2025,24,1,3,3450,2569-1203
2569644.55120499,1203073.27749823,2021,24,1,3,3450,2569-1203
2570449,1203037,2021,24,1,3,3450,2570-1203
2559698,1128342,2021,24,1,1,3450,2559-1128
2507192,1120273,2022,30,1,1,3450,2507-1120
2709585,1113576,2021,48,2,0,3450,2709-1113
2557500,1138500,2022,6,1,0,3450,2557-1138
2648500,1224500,2022,12,5,3,3450,2648-1224
2709636,1113523,2021,18,1,3,3450,2709-1113
2648566,1224671,2025,18,1,3,3450,2648-1224
2648595,1224697,2022,18,1,3,3450,2648-1224
2732271,1252868,2023,18,1,3,3450,2732-1252
2569500,1203500,2022,18,1,1,3450,2569-1203
2709522,1270970,2025,18,1,3,3450,2709-1270
2679500,1251500,2021,18,1,1,3450,2679-1251
2559500,1138500,2025,18,1,3,3450,2559-1138
2617071.6379958,1127900.53605997,2023,24,1,3,3450,2617-1127
2667524,1258560,2024,24,1,3,3450,2667-1258
2648605,1224693,2021,24,1,3,3450,2648-1224
2672343,1236724,2021,24,1,3,3450,2672-1236
2648612,1224677,2021,24,1,3,3450,2648-1224
2559635,1127861,2021,24,2,3,3450,2559-1127
2557491.38890435,1138847.38243465,2022,24,1,3,3450,2557-1138
2651568,1251487,2025,30,1,2,3450,2651-1251
2648609,1224666,2025,30,1,3,3450,2648-1224
2657267,1219798,2022,30,3,19,3450,2657-1219
2620500,1256500,2022,36,1,3,3450,2620-1256
2540310.07049916,1181730.47437203,2022,42,1,3,3450,2540-1181
2660500,1270500,2021,54,1,0,3450,2660-1270
2648543,1224564,2024,60,1,0,3450,2648-1224
2620500,1256500,2024,60,1,0,3450,2620-1256
2569872,1203223,2025,67,1,0,3450,2569-1203
2709579,1113372,2025,73,1,0,3450,2709-1113
2709551,1270979,2024,12,1,3,3450,2709-1270
2620500,1256500,2024,12,1,2,3450,2620-1256
2670500,1240500,2025,12,1,2,3450,2670-1240
2620500,1256500,2021,18,1,2,3450,2620-1256
2670500,1240500,2022,18,1,2,3450,2670-1240
2570500,1203500,2021,18,2,3,3450,2570-1203
2648557,1224642,2025,18,1,3,3450,2648-1224
2648574,1224597,2023,18,1,3,3450,2648-1224
2557491.38890435,1138847.38243464,2025,18,1,3,3450,2557-1138
2660500,1270500,2025,24,1,2,3450,2660-1270
2614459,1174207,2024,24,1,3,3450,2614-1174
2657025,1219699,2023,24,1,2,3450,2657-1219
2657025,1219699,2023,24,1,2,3450,2657-1219
2760500,1206500,2024,24,2,4,3450,2760-1206
2711300,1112693,2022,24,1,1,3450,2711-1112
2660762,1269863,2021,30,1,3,3450,2660-1269
2557491.38890435,1138847.38243464,2023,42,1,3,3450,2557-1138
2538651,1183763,2025,61,1,0,3450,2538-1183
2620500,1256500,2023,61,1,0,3450,2620-1256
2648689,1224580,2022,73,1,0,3450,2648-1224
2709066,1270768,2024,12,1,3,3450,2709-1270
2670500,1240500,2024,12,1,3,3450,2670-1240
2620500,1256500,2024,18,1,1,3450,2620-1256
2711189,1112857,2025,18,1,2,3450,2711-1112
2569857.55231118,1203193.27414936,2022,18,4,10,3450,2569-1203
2557491.38890435,1138847.38243465,2021,18,1,3,3450,2557-1138
2557491.38890435,1138847.38243465,2022,18,1,3,3450,2557-1138
2657173,1219914,2025,18,1,2,3450,2657-1219
2657287,1219702,2025,18,1,2,3450,2657-1219
2648621,1224657,2021,24,1,3,3450,2648-1224
2648521,1224661,2021,24,1,3,3450,2648-1224
2648766,1224740,2021,24,1,1,3450,2648-1224
2667459,1258511,2025,30,3,13,3450,2667-1258
2569857.55231118,1203193.27414935,2023,36,1,2,3450,2569-1203
2704762,1274609,2025,36,1,1,3450,2704-1274
2569822,1203174,2025,49,1,0,3450,2569-1203
2557491.38890435,1138847.38243464,2025,49,1,0,3450,2557-1138
2709744,1113568,2021,55,1,0,3450,2709-1113
2600500,1226500,2022,6,1,0,3450,2600-1226
2660500,1269500,2022,6,1,0,3450,2660-1269
2557491.38890435,1138847.38243464,2025,6,1,0,3450,2557-1138
2557491.38890435,1138847.38243465,2021,18,1,3,3450,2557-1138
2559500,1138500,2025,18,1,2,3450,2559-1138
2559500,1138500,2025,18,1,2,3450,2559-1138
2559500,1138500,2024,18,3,3,3450,2559-1138
2709636,1113850,2021,18,1,1,3450,2709-1113
2709113,1270828,2024,18,1,2,3450,2709-1270
2709628.1002368,1113293.57333526,2022,24,1,3,3450,2709-1113
2709628.1002368,1113293.57333526,2022,24,1,1,3450,2709-1113
2711500,1112500,2021,24,1,3,3450,2711-1112
2709500,1113500,2021,24,1,3,3450,2709-1113
2709961,1113096,2022,24,1,3,3450,2709-1113
2711660,1112685,2021,24,1,3,3450,2711-1112
2709538,1113428,2021,24,1,3,3450,2709-1113
2711143,1112656,2025,24,1,3,3450,2711-1112
2711180,1112635,2022,24,1,2,3450,2711-1112
2648500,1224500,2021,24,2,3,3450,2648-1224
2570106,1203035,2024,24,1,3,3450,2570-1203
2660500,1270500,2021,30,1,2,3450,2660-1270
2648563,1224676,2021,30,2,12,3450,2648-1224
2709688,1113231,2023,43,1,3,3450,2709-1113
2670500,1240500,2021,43,1,1,3450,2670-1240
2559500,1138500,2023,49,1,0,3450,2559-1138
2711080,1112521,2022,61,1,0,3450,2711-1112
2760708,1206484,2025,61,1,0,3450,2760-1206
2559328,1138153,2021,7,1,0,3450,2559-1138
2614725,1174368,2021,7,1,0,3450,2614-1174
2557500,1138500,2022,18,2,3,3450,2557-1138
2709723,1113593,2021,18,1,3,3450,2709-1113
2557491.38890435,1138847.38243465,2021,18,1,3,3450,2557-1138
2709638,1113507,2023,43,1,2,3450,2709-1113
2709500,1113500,2025,43,2,3,3450,2709-1113
2648778,1224645,2025,49,1,0,3450,2648-1224
2709777,1113760,2022,61,1,0,3450,2709-1113
2570171.55826185,1203620.27005927,2025,61,1,0,3450,2570-1203
2557500,1138500,2021,73,1,0,3450,2557-1138
